-0.521202 -0.782971 0.337125 -0.0523976 0.00593591 0.0616528 -0.121425 -0.185307 0.00847631 -0.0153581 -0.257974 0.194704 0.462519 -0.11628 -0.122834 -0.395541
-4.2514 -2.91296 2.82297 -1.87317 -1.52548 4.89394 -0.0685857 -0.0756577 0.046887 -0.215019 -0.456003 -0.173926 -0.201003 -0.14805 -0.136615 -0.200118
-0.121368 0.0267589 0.452508 -0.126625 -0.00502776 -0.118854 -0.0370422 0.175439 -0.455578 -0.353161 0.285068 0.406302 0.00442214 -0.263166 0.162079 0.214202
-0.685729 0.0248351 -0.0623125 -0.229175 -0.183412 0.295998 0.0995031 -0.00391196 0.5 -0.0497407 0.188026 -0.441902 0.200292 -0.2733 0.122603 -0.1633
0.938036 0.357504 -0.168314 0.376995 -0.0563761 4.54767 -0.156018 -0.17719 0.319447 -0.5 -0.0497013 0.212586 0.240278 -0.384363 -0.379402 0.0771078
-1.34447 -0.952776 1.15974 -0.261353 -0.600548 0.214116 -0.00113898 0.259866 0.220331 0.205229 -0.382339 0.476905 0.379992 -0.126593 0.0436595 -0.218551
-1.09753 -0.757555 0.448471 -1.21834 -0.353872 1.10112 -0.0824377 -0.143205 0.209379 0.482175 0.440683 0.16625 -0.0437438 -0.436433 0.45208 -0.013644
2.22364 1.10176 -1.33233 0.84212 0.0716083 4.71127 0.0824884 0.219702 0.308783 0.0531521 0.0256602 -0.428096 0.353967 -0.5 0.5 0.119431
-0.631588 0.0110306 0.383455 -0.777662 -0.153446 -0.0378991 -0.0150817 0.171665 0.315692 0.163195 0.166205 0.20709 -0.340621 0.0652422 -0.104345 -0.151583
-1.03859 -0.429772 0.741792 0.0157423 -0.148221 -0.304367 -0.0725358 -0.0447244 -0.145527 -0.189488 -0.167618 -0.0634519 -0.268655 0.173156 0.5 -0.399578
-1.36365 -0.298436 0.740628 0.0174052 1.89036 2.03239 0.00719948 -0.204946 0.0299583 0.0694525 0.148792 0.0661025 0.356403 0.270376 0.441099 0.0163442
1.34953 0.4926 -0.350359 0.934795 -0.333306 4.10429 0.235924 0.18003 -0.26821 0.207117 -0.493055 -0.0311286 0.0737483 -0.189342 -0.0490025 0.158705
-1.35363 -1.18749 1.41401 -1.54745 -0.209734 2.87609 -0.0504935 0.135761 -0.290931 0.176082 0.5 0.5 -0.084502 0.451071 -0.111735 0.382578
0.103231 -0.230363 0.0404363 -0.350959 -0.5 -0.188971 -0.0294137 -0.246507 0.190651 -0.236134 -0.363473 0.251761 0.469201 0.0429909 0.0484523 0.0543401
0.498195 0.113529 0.536048 0.279762 -0.723371 4.20004 0.5 -0.156794 -0.144295 0.0948365 0.134581 -0.388255 -0.00733865 -0.209366 -0.00307499 0.5
-0.73089 -0.612046 0.283836 -0.926435 -0.537179 0.302591 -0.0231832 0.174249 -0.0806727 0.110518 -9.02604e-05 -0.0623351 0.427635 -0.0554505 0.023587 0.00812126
-0.806309 -1.19623 1.30354 -0.342149 -0.056769 2.79214 -0.279772 -0.14264 -0.268943 0.0907257 0.0907821 0.0493484 -0.195246 0.33068 -0.00894986 -0.0139208
-0.502647 -0.466262 0.159119 0.201641 -0.145512 -0.499614 -0.412483 0.147081 0.167798 -0.328413 -0.31212 0.140482 0.5 -0.0661852 0.0602079 -0.118181
-1.71223 -1.2865 1.56811 -0.217775 0.0938662 2.72894 0.5 0.262256 -0.388757 -0.284276 0.5 0.191865 0.30181 0.0852233 -0.5 0.116289
-1.03348 -0.697212 0.584908 -1.09261 1.69012 0.262725 -0.00852519 -0.1655 0.0788542 0.368763 -0.335682 0.258971 0.442745 0.485187 -0.115581 -0.0949794
-0.0501435 -0.161631 0.222801 -0.223884 -0.5 -0.0398834 0.255015 0.082645 -0.0962931 0.371235 0.0515229 0.403905 -0.333572 0.0145466 -0.095639 0.284268
-0.0982287 -1.7028 1.40095 -0.888361 -0.417397 4.12236 0.129831 0.177283 0.137361 0.375911 0.0693849 0.115218 -0.095528 0.0684982 0.319151 0.0345499
-1.03629 -1.1215 0.999379 -0.713604 0.442703 1.2393 -0.272807 -0.45877 -0.211384 0.0272076 -0.174409 0.0184867 -0.161818 0.379163 -0.0546335 -0.363066
-1.01315 -0.802141 0.846135 -1.67248 -0.452013 2.7954 0.20813 -0.126548 -0.253295 -0.0171329 -0.179543 0.322142 0.0349582 -0.179782 -0.154238 0.265137
-0.314151 -0.11314 0.287849 -0.365718 -0.210182 -0.299564 -0.122934 0.0188134 -0.352605 0.012131 -0.268271 -0.440357 -0.346081 -0.0219535 0.00325985 0.147918
-0.896666 -0.566377 0.359287 -1.04913 -0.600922 0.285099 0.222819 0.0845266 0.321828 0.136499 0.160666 0.201005 0.131106 -0.455779 -0.396364 -0.5
-1.11149 -0.706529 0.333449 -1.19218 -0.886149 0.600627 -0.302832 0.24639 0.138898 0.119244 0.10924 -0.5 0.19829 -0.254259 0.0817911 0.5
-1.02582 -0.891014 1.51667 -0.71635 -0.694254 2.84946 0.178883 0.13791 0.113293 -0.294268 0.0348456 0.0599175 -0.221132 -0.0611551 0.5 0.00754153
1.12909 0.940321 -0.412259 0.285803 -0.260498 4.6567 0.188766 0.252733 -0.298877 0.371907 0.214749 0.169304 -0.116122 0.0718664 -0.1463 0.0419041
-1.367 -1.53475 1.56264 -1.40488 0.774977 2.96643 -0.140257 -0.0856557 -0.337467 -0.153242 -0.382139 0.12475 0.0729527 0.00381047 0.231362 0.0839854
-0.708496 -1.34091 1.50402 -0.432584 -0.245578 4.30191 -0.0420931 0.384984 0.330283 0.463738 -0.270686 0.299213 -0.0600326 -0.108176 -0.105069 -0.200337
-0.780838 -0.677514 0.996877 -1.02282 -0.393537 0.691713 -0.255994 0.0447948 0.188308 0.0305733 -0.265082 -0.170031 0.411114 0.466991 0.0350946 0.250823
-0.739426 -0.684962 1.24221 -1.72563 -0.363507 3.17049 -0.0142501 0.148591 -0.358305 -0.17817 -0.132889 -0.332325 -0.0706596 -0.449549 -0.0846804 0.136891
-1.28366 -1.63633 1.30326 -1.08255 -0.150034 2.99477 0.0571187 0.240303 0.323516 -0.338761 0.0702687 0.457934 0.352671 -0.0257636 -0.0191326 0.5
-0.231029 -0.361526 0.425383 -0.998915 0.581813 0.0986653 -0.0138904 -0.0496689 0.211915 -0.193357 0.00933862 -0.260791 0.164469 0.38411 -0.221314 -0.319854
-1.70407 -1.63988 1.55982 -2.02708 -0.223587 2.95696 -0.110216 0.377216 -0.0567484 0.265549 -0.0161066 0.137113 0.146432 -0.247878 0.0247179 0.0263695
-1.25253 -1.76617 1.34214 -0.539232 -0.589601 2.05321 -0.131629 -0.211997 0.0120954 -0.264434 0.152508 -0.166811 0.118818 -0.327801 0.00123152 -0.5
-0.011984 0.14382 0.217696 -0.23409 -0.0536149 -0.150299 0.220087 0.1794 -0.0394623 0.103855 -0.0288767 0.290761 0.109506 0.00716212 -0.0739135 -0.320439
-1.63608 -1.25513 1.54474 -1.29896 0.178269 2.58432 -0.00305982 -0.253048 -0.424769 0.194721 -0.0608867 0.167539 0.218883 -0.260174 0.364739 0.405235
-1.53912 -2.5527 2.11481 -2.04753 -0.534451 3.2807 -0.109384 0.00631942 0.00284222 0.0609211 -0.0567023 -0.151672 0.00725667 -0.0597094 0.178122 0.475883
0.934209 0.300391 -0.0398686 0.146879 0.451818 4.6415 -0.138327 0.277369 -0.163666 0.188661 0.277165 -0.0555172 -0.125345 -0.0785485 -0.122519 0.175868
0.854004 0.33805 -0.0167655 0.0517541 0.402584 4.23406 0.177021 0.182701 0.00848013 -0.132872 0.369024 -0.173571 -0.319493 -0.276536 -0.347853 -0.395001
-1.86796 -1.7178 1.22557 -1.95232 -0.676896 1.93852 -0.268626 -0.116284 0.197819 -0.5 0.399768 -0.327867 -0.302801 -0.0719426 0.0352319 -0.152731
-1.23114 -1.53251 0.542676 -1.0605 0.300805 2.79186 -0.103097 0.382483 -0.0699066 -0.0981042 -0.189498 -0.426737 0.458218 -0.127518 0.000356452 -0.204638
-0.665842 0.17858 0.240862 0.0729284 -0.049403 -0.287545 -0.122257 -0.0825361 -0.331175 0.325186 0.0956327 -0.451124 -0.0970456 -0.230199 -0.5 0.0273525
-0.99503 -0.114499 0.471612 0.0504525 -0.810169 0.00371968 -0.121951 -0.373334 0.258849 0.168832 0.300888 -0.146101 -0.0501123 -0.0457876 -0.187879 0.132888
0.658658 -0.142326 0.236146 0.231676 -0.221488 4.17077 -0.113338 0.264718 -0.117837 0.265609 -0.0386105 0.290295 -0.368064 -0.150332 -0.5 -0.5
-0.292395 -0.114386 0.00324243 -0.121269 -0.0642052 -0.040502 0.336851 0.311865 -0.00951302 0.467146 0.0446289 0.19869 -0.215273 0.278399 -0.371983 0.187534
1.36849 0.833147 -0.899949 0.742938 0.43016 4.82577 -0.135875 0.447618 0.0773688 0.35073 0.101353 -0.105802 0.199592 -0.208709 0.229042 -0.466988
0.185699 -0.766031 0.486107 0.0728784 -0.331566 4.11953 0.196318 0.0593596 0.190809 0.15512 0.496377 -0.292683 -0.150187 0.0353177 0.0838005 0.352635
-1.20736 -1.39426 1.30448 -1.94086 -0.396912 2.58725 -0.5 -0.086699 0.0687953 -0.0377722 -0.0710341 0.0838135 -0.301348 0.243986 0.16538 -0.00317784
-1.13324 -1.18795 1.5227 -1.75117 -0.966905 2.39795 -0.0187018 -0.468103 0.231501 0.253473 0.320959 0.168503 0.0994549 0.11586 0.22216 -0.136884
0.698049 -0.767827 0.420084 -0.192766 0.0497014 3.78463 -0.130059 -0.0048783 -0.0177094 -0.0238553 -0.250079 0.270094 0.0763671 -0.109696 0.212994 0.240292
-0.375481 -1.25496 1.46612 -1.03329 0.129036 4.37956 0.175405 -0.231633 -0.15048 -0.041448 -0.102677 0.147746 0.0455513 0.0082137 -0.5 0.196372
-0.0179235 -0.437936 -0.170321 0.0113599 -0.00387132 0.0435406 0.0543835 -0.208701 -0.164357 0.162612 -0.270117 0.332322 -0.0617855 0.5 0.129469 0.110166
-1.14709 -1.68156 2.45609 -2.12142 -0.102154 3.43246 -0.0722177 0.206093 0.334431 0.147164 -0.0799303 0.309814 -0.0594816 0.0289651 0.0434045 -0.341788
-0.930034 -1.02497 1.01469 -1.617 -0.524854 1.74013 0.00398005 0.385933 0.0741205 0.143805 0.233693 0.0403129 0.279848 0.113467 -0.344084 0.0882108
0.912456 0.120749 0.320626 0.432189 -0.0725056 4.24529 0.176364 -0.149098 0.0786965 0.093331 -0.208341 -0.313257 0.11474 0.182163 -0.151895 -0.0107713
-4.93099 -2.63701 1.79744 -3.53963 -1.55131 3.75072 0.124524 -0.0479547 -0.209415 -0.286948 0.0610008 0.235451 0.0670746 0.0720543 -0.338891 0.100168
-0.0592048 -0.152067 0.335907 -0.382445 -0.194589 0.050238 -0.193276 -0.27177 0.0363606 0.199328 0.254906 -0.200723 -0.0177393 -0.375637 -0.00298461 0.0994186
-0.287773 -0.144188 -0.369691 -0.211846 0.0166811 0.0096583 -0.122799 0.160072 -0.192709 -0.286051 -0.063754 -0.223366 0.346591 -0.0361193 -0.0814639 -0.0189872
-3.16602 -2.78929 1.80566 -1.97776 -1.42425 4.77659 -0.0484413 -0.0821938 0.0542295 -0.150979 -0.0758341 -0.156464 0.169299 0.241134 0.153901 0.249552
1.19923 1.53171 -1.03817 0.80227 -0.365877 4.72451 0.0474865 -0.100396 0.309749 0.400048 -0.0197062 -0.065044 -0.04475 -0.0358598 -0.272167 0.245141
-0.242956 0.325596 0.00820183 -0.500049 -0.26158 -0.0802625 0.0313119 0.217293 0.23329 0.125619 0.290459 -0.0613885 0.201977 -0.168624 0.151922 -0.228338
-0.985741 -0.851233 0.618589 -0.683297 0.0497174 2.90855 0.221009 0.159635 0.200392 -0.410448 -0.0113224 0.0940298 0.472739 0.5 -0.330933 -0.281343
-1.15545 -0.949959 0.866039 -1.86034 -0.196331 1.26311 0.363248 -0.146228 -0.0282015 0.241217 0.341111 -0.154033 0.5 -0.0851138 -0.214462 -0.0856264
1.04917 0.433551 -0.715566 0.342277 0.616233 4.39637 -0.165732 0.478229 -0.5 -0.0826787 0.349665 -0.157292 0.256761 0.25176 0.491552 0.0361678
-0.688834 0.429041 0.0118687 -0.269395 0.0851811 0.206752 -0.340679 -0.151108 0.266733 -0.284274 -0.230486 0.214262 0.277754 -0.431197 0.190634 -0.0941148
1.6412 0.67698 -0.567234 0.3252 0.322239 4.8199 0.382966 -0.0161642 -0.230189 -0.173756 -0.00382695 -0.200322 -0.31232 0.0231769 0.0489915 -0.0553898
-1.44859 -0.176223 -0.0607154 -0.975172 -0.0435521 0.0533756 -0.235945 0.0150654 0.106811 0.0236677 0.242916 -0.5 0.248236 -0.163435 0.0186399 -0.200605
-1.35459 -1.18388 1.46511 -1.31419 -0.0208021 2.75743 -0.0487046 0.275761 -0.110715 0.000114029 0.185726 -0.156288 0.0107868 -0.451508 0.5 0.307221
-1.50505 -0.761576 0.645773 -0.503023 0.013997 0.744019 -0.263928 -0.5 0.225336 0.0102941 0.186109 -0.00792287 -0.087622 -0.0345069 -0.0359812 -0.275902
1.03468 0.52917 0.0163924 0.199681 -0.0655165 4.04115 0.219816 0.118769 -0.296634 -0.5 -0.0903558 0.0165611 0.233113 -0.248942 0.125118 -0.0385086
-0.238782 -0.27473 0.361782 -0.263804 0.233922 -0.122737 0.0667705 -0.377676 0.120216 0.108887 0.0131168 0.296168 0.00469742 -0.127985 0.285614 -0.0120289
1.2289 0.564598 0.169325 0.197341 0.221498 3.98232 0.0468946 -0.158271 0.280103 -0.0227877 -0.265072 -0.0294567 0.00650727 0.282352 0.287627 -0.412378
-1.27568 -1.24121 1.40726 -1.54764 -0.718413 2.39633 -0.00115922 -0.022137 -0.0278039 0.129126 0.0759697 -0.0360192 -0.117892 -0.305408 0.491732 -0.166432
1.49229 1.28158 -0.518128 -0.00824633 0.463514 4.46231 0.181296 -0.0828696 -0.145277 0.0723209 0.180371 0.160309 0.320795 0.318494 0.244993 0.456704
0.159383 -0.446599 0.559929 -0.0800773 -0.406809 4.34604 0.027746 0.184266 0.0973314 0.0179379 0.0777974 0.4354 -0.0178787 -0.0324618 0.15669 0.0430002
-1.30804 -0.593459 0.27614 -0.724986 -0.527819 2.1073 -0.199745 -0.350246 -0.0743434 0.119589 0.373542 -0.216719 0.128762 0.291116 0.269507 -0.318204
-1.29678 -0.640738 0.38925 -0.602099 -0.783608 2.03794 0.470007 0.0749456 0.422415 0.293066 0.172467 -0.0471647 -0.353696 -0.430798 -0.0266605 -0.282806
-1.04041 -0.737612 0.233359 -0.603438 -0.117067 0.234599 -0.252654 -0.390675 0.162243 0.320237 0.0683554 0.212308 0.5 0.185657 0.147756 0.0587084
0.38727 -0.375075 0.376052 0.218914 -0.567425 4.25143 -0.100496 0.119363 -0.189262 0.123209 0.110133 0.476899 -0.0422095 -0.056259 0.226273 -0.0840193
1.39124 0.782758 -0.636229 0.809832 -0.544554 4.68008 0.157636 -0.0830766 0.00653353 0.16847 -0.206322 0.0694478 0.298081 -0.0227173 0.225271 0.0859
-0.56262 -1.01173 1.37431 -2.28495 -0.0946506 4.12717 -0.143268 -0.00314654 0.0915198 0.25312 -0.383008 0.214072 -0.192246 0.0563109 0.416076 0.326936
-2.61625 -1.96734 2.20601 -0.648219 -1.37356 4.56584 0.130561 -0.0921113 -0.0721385 0.194732 -0.132875 0.130562 0.117705 0.161351 0.278909 0.170047
-0.175192 0.01964 0.251709 -0.834247 -0.145883 -0.152601 0.0502889 0.140878 -0.0163371 0.354907 -0.16159 0.180633 0.190042 -0.0801757 0.0357954 -0.00994427
-1.46939 -0.86737 0.584946 0.0539306 -0.129562 0.797275 0.214564 -0.5 -0.214839 -0.390574 -0.175748 0.0428367 -0.106948 -0.399029 -0.488651 -0.343259
-1.3241 -1.0444 1.38045 -1.74341 -0.458668 3.12729 0.146109 -0.0619631 -0.153331 -0.499463 0.296062 0.5 0.106843 0.395287 0.269938 0.0123623
-0.250985 0.110565 0.24538 -0.177486 -0.0567831 -0.337175 0.018337 -0.0276022 -0.0839026 0.1998 0.5 -0.0501399 0.0667818 0.200149 0.121555 0.379314
-1.48662 -1.17559 0.870412 -0.96196 0.00827575 2.69901 -0.464182 0.28683 -0.132531 -0.0177964 0.192042 0.0309483 0.10393 -0.402918 -0.241666 -0.176535
0.568188 -0.279175 0.509057 0.163874 0.0690104 4.00195 -0.231295 -0.124673 0.360698 0.363266 0.167362 0.177119 0.147352 0.0271042 0.332269 -0.236266
-0.137948 0.0063886 -0.026648 -0.451825 -0.0723386 -0.137133 -0.166475 -0.0392885 0.103444 0.305698 0.0583522 -0.18696 0.266654 -0.188785 0.162863 0.271185
-3.10176 -1.93 1.88706 -2.54927 -0.995429 2.35814 -0.126098 0.256731 -0.115638 -0.205187 -0.0179481 -0.291299 0.0497195 0.154051 -0.212664 -0.0283615
-0.854819 -0.430017 0.0891359 -0.537958 0.475944 2.92954 -0.134841 -0.273458 -0.102528 0.228894 -0.347548 0.269603 0.365262 0.166366 -0.068117 -0.00257783
-0.804237 -0.710826 0.341122 -0.343572 -0.0637029 0.142264 0.0906451 -0.137187 -0.304192 0.228307 -0.369262 0.108322 -0.140329 0.0564903 -0.198293 0.207594
-0.744625 -0.527625 0.438307 -1.92759 -0.784719 0.531902 -0.0465553 -0.207498 -0.0769544 0.470528 -0.108438 -0.5 -0.0280764 0.11432 0.124859 -0.0408718
-1.47868 -1.24972 2.24497 -1.62787 -0.355786 3.54622 -0.497057 -0.412126 0.00904419 -0.0281536 -0.243956 0.208056 -0.148622 0.373902 -0.112298 0.0367317
1.20767 0.029734 -0.61946 0.15583 0.0821191 4.37199 0.15414 0.0465206 0.146408 -0.161162 0.245859 -0.0277815 -0.0393249 0.5 -0.414238 0.0322664
-0.881468 -1.22061 1.16723 -0.105867 -0.978378 4.01223 0.399326 0.119982 0.0221861 0.101774 -0.141111 0.161865 -0.140447 -0.466667 0.109939 -0.209565
-0.958547 -0.787957 0.829435 -0.750871 -0.277515 -0.0362911 -0.0357825 -0.114932 -0.145105 0.309403 -0.0473323 0.376731 0.5 0.110674 0.382846 0.257542
-0.175869 -0.5 -0.0358167 -0.5 -0.11047 -0.26682 -0.37757 0.0825427 -0.186515 0.123377 -0.0110184 -0.161492 -0.0345999 -0.335257 0.124945 0.250845
-0.0134708 -0.43788 0.104123 -0.0301586 -0.160986 -0.0966168 0.116596 0.120632 -0.218992 0.112001 0.294193 -0.250701 -0.429678 -0.178734 -0.225451 -0.0741941
0.775601 0.0602606 0.893297 0.235062 -0.504802 4.22858 -0.0616957 0.403599 -0.049457 -0.0153713 0.164694 0.0523309 0.00269336 0.332472 0.117069 0.207255
-0.865032 -0.519181 1.32014 -1.55494 -0.392904 2.93553 -0.494549 0.396974 -0.0265737 -0.23088 -0.0612122 0.264228 0.240441 -0.026392 0.167107 -0.299997
-1.41857 -2.39232 2.94878 -0.968122 -0.929668 2.98259 0.31887 -0.183788 -0.334533 0.498423 -0.211374 -0.481139 0.47012 0.0513125 -0.253114 0.0166208
-0.440319 -0.258192 -0.281031 0.0873303 -0.388217 -0.415769 -0.0448986 -0.498276 0.388851 -0.157507 0.00568803 -0.432013 0.301257 -0.070053 0.5 0.0444986
-2.045 -1.16128 1.09972 -1.90322 -0.833585 1.81088 0.215603 0.263824 -0.0943972 -0.358227 0.350694 -0.322586 0.0962827 0.276098 0.104388 -0.359098
-0.101966 -1.79012 1.7435 -0.378318 -0.146465 3.52732 0.289911 -0.017186 -0.0927211 0.0185866 -0.359567 0.0494177 0.0930483 -0.0179519 0.283748 -0.232554
-1.74693 -0.881684 0.863919 -0.569872 -0.0961762 0.23302 -0.281918 -0.138306 -0.32968 0.150971 -0.0935958 -0.210695 -0.1741 -0.181505 -0.16023 0.196736
0.570228 0.332191 -0.228621 -5.72848 0.404118 -0.48618 0.204321 -0.0978672 -0.343443 0.393856 -0.069944 -0.5 0.14488 -0.193864 -0.5 0.468993
0.907491 -0.344848 0.0240198 0.183581 -0.471589 4.83744 -0.0631277 0.175914 0.105131 -0.238181 -0.103502 0.15599 -0.0288481 -0.00830063 -0.0478187 0.0553585
0.680396 -0.290655 0.38246 0.231497 0.307111 4.41817 0.5 -0.0789834 -0.110764 0.0487816 0.0861821 0.196019 0.036121 0.241403 0.0629536 0.435119
1.01646 -0.260192 0.412523 0.460776 0.0318397 4.25567 -0.0387118 0.221185 0.157849 0.0837126 0.285481 -0.026368 -0.110239 0.317204 0.11757 -0.155483
-0.5 -0.0956711 -0.5 -0.0516724 -0.5 -0.115265 -0.193057 -0.219147 -0.425881 -0.0531869 0.0221828 -0.0566501 0.264566 -0.0615448 -0.285801 0.429285
-1.09318 -1.10989 0.596678 -0.777622 -0.550744 2.50544 0.0340586 -0.293239 -0.311863 0.0407097 0.0730581 0.242349 0.220423 0.137769 0.287405 0.461114
-1.08307 -1.22795 0.955742 1.65844 -0.219804 0.933808 0.205614 -0.242663 -0.0758364 -0.0710463 0.0787394 -0.264356 -0.33441 -0.400977 -0.129839 -0.082326
-1.16813 -0.688581 1.06604 -1.70896 -0.564444 2.54213 -0.235319 -0.122304 0.348414 -0.0188894 -0.0022676 -0.253635 0.303017 -0.0215542 -0.00807617 0.0883601
-1.25028 -1.62312 1.98613 -2.40058 -0.285403 2.94803 0.5 -0.0334715 -0.143071 0.331841 0.5 0.311866 -0.286038 -0.175169 0.0765463 -0.329358
1.41109 0.951178 -0.858081 0.696684 -0.654554 4.88802 0.110884 -0.24587 -0.240749 -0.0929349 0.11817 -0.0683486 -0.167995 0.0180865 -0.361743 0.203954
1.68578 0.57652 -0.647406 0.56339 0.146677 4.36479 -0.179217 -0.110107 0.0310878 -0.14344 0.163643 -0.5 0.106317 -0.2346 -0.147052 0.272725
0.51341 0.276849 -0.261336 0.0326221 0.170363 4.37345 0.0984267 -0.0607936 -0.271109 0.226312 0.0559168 -0.43314 -0.296422 -0.398543 -0.0911299 0.0604062
-1.03977 -1.95063 1.79078 -1.66626 -0.93778 3.2798 0.0818078 0.114724 0.0176882 0.348589 0.263395 -0.376372 0.390547 -0.308057 -0.0382982 -0.157495
-0.0909089 -0.280444 0.178029 -0.0868729 -0.254881 -0.257118 0.0790196 0.12013 -0.00523909 0.117881 0.137925 -0.034034 0.0117877 0.139937 -0.25932 0.305404
-0.49344 -0.469161 0.235193 -0.307892 -0.446638 -0.00263371 0.262422 -0.0311674 -0.146201 0.195464 0.062361 0.323479 0.35947 -0.0502584 -0.459809 -0.184155
-1.22946 -0.420684 0.613506 -0.985905 -0.370514 0.422626 0.296765 -0.0247711 0.146682 0.0329887 0.233069 0.318993 0.0106933 -0.169096 0.0298593 0.117164
-1.61619 -0.728477 0.756757 -1.86498 -0.647805 1.75415 0.266058 0.0467802 0.127231 0.473088 -0.423743 0.309793 0.362305 0.0764237 -0.00217894 0.353744
-0.258281 -1.04865 1.07059 -1.06398 -0.295037 3.95004 0.158223 0.133363 -0.5 0.160543 0.30875 -0.5 0.144279 -0.279717 0.128572 0.5
-1.00926 -1.11356 1.50687 -1.65615 -0.554155 3.06284 -0.265768 0.0664491 -0.369342 0.21983 0.259867 -0.0576342 -0.336628 0.234128 0.350882 -0.0108906
-0.0159453 5.13248 0.210067 -0.07783 6.8432 -0.204853 -0.866815 7.68741 -0.0157829 -0.0248576 -0.612326 7.18748 -2.09557 0.106918 6.84884 -0.248424 -1.95398 0.0224161 -1.29364 0.496309 -0.00274644 5.70425 -0.922358 -2.25477 -0.00349874 -0.230695 -0.466475 -1.9328 7.32263 -2.33236 5.56073 -0.559465 -2.46939 -1.98225 0.00523558 -1.51647 -1.36849 -0.00136179 -1.44753 0.87693 6.96585 6.62873 0.59711 -2.18847 -0.0885929 -0.0643296 6.63697 0 7.48471 6.52268 -1.88447 -1.69554 6.56601 5.2079 -0.0344277 0.951765 -1.3884 6.68469 3.0414 0.0694671 -0.0133366 4.95466 7.07238 -0.129504 -2.35795 -1.00127 6.9294 -0.138405 7.55315 0.047975 -1.86179 -0.591966 6.73926 -0.028821 6.78191 -1.68866 7.25294 6.38271 -1.6853 -1.61634 -0.183882 6.71074 7.15173 3.4999 2.62748 -0.0074984 -0.551946 -2.2518 -0.0119972 -2.14567 6.58779 0.00125154 0.631676 -2.54912 -0.121233 -0.417917 2.68414 6.93794 5.43223 0.0039099 0 0 6.72154 -2.38661 1.63851 0.00897998 -0.0776474 5.49594 -0.211735 2.20205 7.08284 6.6248 6.69609 0 -1.98959 1.06346 -2.0447 -1.96774 6.90745 7.01434 6.45514 2.64994 0 0 -0.348701 -1.39551 5.72234 -2.24225
0.465942 -8.61922 0.0121218 0.0153186 5.25082 0.780159 0.95379 4.87112 0.265895 0.455917 1.03733 4.6262 3.08171 -0.051177 4.74609 0.526353 2.35059 -0.0375047 1.83501 0.40958 -0.0159063 6.71829 1.05521 2.94259 -0.0672266 0.694775 0.952396 3.15406 5.11729 2.41985 7.44625 0.798086 3.18741 3.18649 -1.08296 3.91346 1.62443 -0.174345 2.31213 4.81888 5.016 5.39188 -2.41797 2.49956 0.18132 0.519075 5.0723 -0.082383 5.36882 5.5661 2.42886 2.63239 5.06306 6.63791 0.066441 4.06701 1.67727 5.31811 -8.856 0.100198 -0.114165 -8.28487 -5.74289 0.0967563 2.53709 1.49912 5.48075 0.196325 4.82851 0.609926 2.79688 0.872484 5.16265 0.168875 4.95007 2.37128 4.39468 5.58596 1.63104 1.52138 0.579425 4.93591 -6.88998 5.54152 -3.77628 0.284036 0.75463 3.12442 -0.049283 1.87674 5.24174 0.021174 -3.94622 2.34719 0.573081 1.05778 4.79739 4.92613 7.33258 0.82444 0.0309454 0.128393 4.36669 2.8938 5.10014 -0.0677156 -1.95712 5.62841 0.922268 2.45753 5.2232 5.22447 5.10316 0.100284 2.27535 0.593735 2.58187 2.73502 -6.3251 4.99781 6.10231 4.84376 -0.0673717 0.0376904 0.689957 1.94358 6.30571 3.15417
0.400386 -7.48542 -0.133207 -0.377621 3.72397 0.693358 0.683623 3.93403 0.304448 0.676195 2.11285 3.94085 0.354331 0.0810661 3.62067 0.304631 -1.07631 0.0175516 -1.80448 0.328543 0.154265 7.91415 1.01208 0.217714 0.0257563 0.516557 0.636559 1.18213 3.46056 2.94733 7.47354 0.529625 1.84581 1.61856 0.142558 1.69832 -3.49033 -0.000979078 -0.133695 4.15299 3.42277 4.09854 -2.18518 0.811276 0.237526 0.494252 4.01573 -0.0336481 3.50053 4.0297 0.917008 1.51351 4.46128 6.59182 -0.0481173 2.81809 0.942884 3.99636 -4.61939 -0.0352005 -0.14354 -3.01557 2.76259 -0.097274 0.335265 1.13092 3.9476 0.113881 3.25055 0.67573 1.45414 0.518857 4.42638 0.0578167 4.28543 0.521564 3.83745 3.95992 1.02343 0.845366 0.494172 3.64708 2.21448 3.61129 5.69785 0.738726 0.699827 2.76779 0.0626195 2.47719 4.12291 0.0872061 -2.89681 1.00798 0.334005 0.712239 1.4271 3.87179 5.84788 0.508704 -0.117277 -0.0061755 3.6213 2.13153 2.58649 -0.0120296 -1.48675 6.02229 0.876023 4.66891 2.78717 3.62936 3.92144 0.0477121 -0.970419 1.92094 0.315822 3.72209 2.01236 4.15415 4.28559 1.70335 -0.0471714 -0.0233324 0.512157 1.16243 6.44287 2.11062
0.388439 -10.0499 0.126267 -0.43892 5.119 1.05856 1.53452 5.33615 0.67832 -0.0668939 1.54308 5.04054 3.34537 0.168089 5.47376 1.00135 2.73046 0.115052 2.68059 1.53992 -0.168878 6.21115 1.49656 3.08943 -0.118742 1.17404 1.2757 2.59494 5.30053 3.03373 5.8561 1.3237 3.52962 3.02248 -0.64137 3.72038 1.70416 0.0718434 3.3117 4.45077 5.43339 5.08057 -2.62864 2.98608 0.00574302 0.366626 5.53925 -0.133439 5.28603 5.76973 3.50408 3.32859 6.15536 5.92902 0.142274 4.8634 2.05701 5.38672 -8.91182 0.0870636 -0.164868 -9.2408 -8.48964 0.062257 2.9243 1.6727 4.90911 0.0177379 5.86192 0.753108 2.86215 1.2074 5.19706 -0.0357192 5.17267 3.23064 5.45392 5.52089 1.66536 1.78283 0.844671 5.64705 -8.72369 5.97166 -4.82841 0.182235 1.12802 3.29919 -0.0331624 2.30834 5.57808 0.0570765 -4.28028 2.58503 0.593483 1.67203 5.69053 5.52296 6.00952 0.912788 0.0809447 -0.090407 5.88178 2.86156 5.14755 0.106146 -2.29269 5.99003 1.1519 3.38449 6.59193 5.49235 5.78427 -0.122676 2.28934 1.40116 2.8106 3.61313 -8.65731 4.97637 4.64966 5.88984 -0.0040207 -0.00449466 1.2017 2.09014 5.51463 3.63345
0.424965 -6.93328 0.104348 -0.217914 5.35876 0.96548 1.17084 5.03318 0.501052 0.6015 1.31848 5.10605 3.47274 -0.0607872 5.78069 0.602708 1.98452 0.155754 2.51482 1.35637 0.00439391 4.7795 0.905534 2.82755 -0.108611 0.606155 0.885482 2.93092 5.61993 2.56111 5.23403 0.795203 2.30533 3.23193 0.233284 3.43839 1.18144 0.0931785 3.21166 2.45817 5.58827 5.01882 -1.16309 2.34417 0.226552 0.447441 5.41201 0.111014 5.80209 6.09659 2.83593 2.42601 5.59554 5.46447 -0.0980145 3.00713 1.58873 5.29406 -6.75948 -0.0206966 0.0459921 -6.62 -7.73979 0.0873417 2.37923 1.59771 4.92377 0.384995 5.93341 0.623859 3.09059 0.834238 4.95526 -0.0232478 4.73483 2.54342 4.73266 6.05142 1.7229 1.48985 0.568228 5.87763 -8.07908 5.0956 -3.91102 0.144583 0.827628 2.94914 -0.0902131 2.05307 5.45691 -0.0109299 -2.22294 2.30108 0.502901 1.07965 4.44017 4.95482 5.50459 0.872892 0.113265 -0.0217931 5.68417 2.30246 3.74747 0.0635471 -1.85374 5.24665 0.984436 3.24811 7.37741 5.5587 5.70432 0.0335898 2.01706 -0.00740998 2.3908 3.42794 -8.06882 4.86029 5.33789 4.01091 -0.00289328 -0.044478 0.787845 1.98436 5.52161 2.87467
0.268357 -5.37796 0.0240553 -0.270426 4.19609 1.15006 0.728756 2.36875 0.251291 0.735786 1.6115 4.16523 3.06079 0.101041 5.47344 0.68733 2.51034 -0.0881245 2.39941 1.32687 -0.0303649 7.98138 1.00065 2.42227 0.0260486 0.435247 0.872797 2.04994 3.72976 2.95822 7.99816 0.53571 3.23559 2.61246 -0.178312 2.79741 1.50289 -0.0148874 2.8794 3.2449 4.79166 4.67116 -1.38372 2.87987 0.0255506 0.66864 5.34293 -0.166944 3.5688 6.4936 3.4381 2.66245 6.77719 7.70628 -0.105551 3.51326 1.51745 4.92454 -5.54604 0.0881627 0.0693196 -1.89778 -4.30273 -0.00109522 2.84335 0.996288 3.65644 0.295088 4.05284 0.569575 2.62201 1.03667 4.61642 0.106593 4.6711 3.13682 3.92319 5.9741 1.54771 1.6897 0.440349 5.60216 -4.61009 4.52335 -3.10545 -0.0424979 0.973276 2.8081 0.0319943 2.36474 5.99334 0.0583517 -3.44416 2.81245 0.39534 0.517443 4.79703 4.15151 7.37423 0.541916 -0.117452 -0.135329 5.72242 2.19748 3.70193 0.0303192 -1.85633 7.56051 0.821052 3.83456 5.71003 5.49379 5.33301 -0.0610129 2.18073 2.11683 2.80252 3.4405 -5.13175 3.3869 4.35194 3.92701 0.0303355 -0.0420054 0.62407 1.50345 7.10533 2.75455
0.64552 4.18387 0.25605 1.01841 1.73809


ESTANCADO EN UN MINIMO LOCAL (GENETICO)

-0.0949062 -0.192677 0.165808 0.131327 0.0459581 0.337779 -0.630103 0.0364327 0.480031 0.0284547 0.0228301 0.0855519 0.224987 -0.0994225 -0.388262 -0.251876
-0.0998378 0.549983 -0.315882 0.0142052 0.261266 0.138368 0.415597 -0.462134 -0.15596 0.0472739 -0.358113 -0.223509 0.293508 -0.16985 -0.0746882 -0.144735
0.394386 0.180998 -0.263311 0.190649 -0.219341 0.120468 -0.294259 0.0638833 0.319483 -0.0796274 0.0131288 -0.194427 0.097152 -0.121625 -0.0395749 -0.0110421
-0.0674812 0.0562907 0.0435599 -0.162194 -0.210832 0.0877266 0.0990871 0.155071 -0.0172237 0.198727 0.030087 0.0106583 -0.043534 0.476048 0.432794 -0.152577
0.250951 0.285998 -0.458059 0.0993688 -0.00978776 -0.417001 -0.175042 0.30931 0.25244 -0.191152 0.275362 -0.0549196 0.0552926 0.116338 0.113284 0.0492996
-0.113834 0.00669296 -0.315898 -0.135744 0.192568 -0.315789 -0.0683069 -0.251411 -0.512281 0.0249262 0.0207309 -0.286999 0.545382 0.228811 0.605884 0.217357
0.0901931 -0.0736649 -0.0846311 -0.386226 0.116937 0.0902406 -0.490627 0.119176 -0.448612 -0.0428687 -0.11242 -0.109578 0.0546911 0.488044 0.0181415 0.0143123
-0.175538 0.143945 0.107876 -0.0638562 0.65861 0.100893 0.326312 -0.233254 -0.256158 -0.129694 -0.361662 0.156073 -0.32286 0.352079 0.0939097 -0.316198
0.0931607 0.160916 0.419807 0.191085 -0.181736 0.397893 0.000120635 0.0899338 -0.156872 -0.216619 -0.218896 0.00673992 0.354638 -0.299986 -0.541007 -0.429833
0.0388471 0.10336 0.111289 0.209846 -0.24815 -0.54874 0.290913 -0.0651784 0.162998 -0.180726 0.510294 -0.207066 0.0190935 -0.322648 0.291875 -0.0446352
0.402989 0.412767 -0.495939 0.166841 -0.116849 0.00366659 0.28753 0.114953 0.484195 0.840764 -0.01088 -0.281241 0.0508573 -0.456095 -0.442252 -0.0718515
-0.351625 -0.183816 0.159811 0.496389 0.282523 -0.0371425 -0.642933 -0.133564 -0.0853528 -0.398389 0.24073 0.388695 -0.402889 0.301536 -0.116391 0.116093
-0.102445 -0.293007 -0.0938366 -0.211277 0.0586209 0.208877 -0.111703 0.627013 -0.340483 -0.0204311 -0.148373 0.10108 0.46616 -0.15482 0.49996 -0.114611
0.0910649 0.100012 -0.10634 0.0502535 0.520233 0.103659 -0.0607809 0.626182 0.536491 0.829786 -0.00465525 0.075428 -0.0628958 -0.369198 -0.0138465 -0.161741
-0.173263 -0.434021 0.3179 0.226041 -0.169403 0.0262467 -0.515045 -0.040739 0.392681 -0.0510613 0.237288 0.465787 -0.485065 -0.0244028 -0.342658 -0.00364656
0.338161 0.244102 0.164999 0.0385595 -0.256404 0.316279 -0.214366 -0.358885 -0.433714 -0.226235 -0.0517046 -0.123589 -0.187659 0.132893 0.371583 -0.11945
0.0303571 -0.307253 0.140178 -0.196445 -0.00789862 0.0966779 -0.476236 0.0652862 0.264825 -0.661528 0.259364 -0.0029477 -0.35788 -0.171194 -0.0580726 -0.387869
-0.371032 0.118524 -0.194214 0.0580896 0.28909 -0.27307 0.239585 0.179696 0.360602 0.108506 0.0618104 0.103401 -0.244117 -0.402687 -0.22903 -0.261096
0.0350878 -0.395303 -0.0195892 -0.281745 0.129804 0.133527 -0.52045 0.131888 -0.0557722 0.0323503 0.258874 -0.276039 -0.10028 -0.0319246 -0.260796 0.0143664
-0.24769 0.0597447 0.0872627 -0.273517 0.34297 0.0371915 0.406093 0.342179 0.117359 0.288995 0.14211 0.496101 -0.117101 -0.281011 -0.0474913 -0.0955723
0.243277 -0.143045 -0.280092 0.085609 -0.172704 0.0777313 -0.287088 0.306444 -0.00892254 -0.166725 0.380072 0.330076 0.0113803 0.0863957 -0.130465 0.406486
-0.185745 0.0279646 0.259652 0.398058 0.378921 -0.145387 -0.032557 0.332039 0.0903914 -0.280177 -0.339784 -0.0578065 0.131493 -0.364608 -0.0304781 -0.5
-0.29107 0.018058 0.164508 0.0669427 -0.242638 0.353989 0.193888 0.116709 0.122535 -0.303639 0.045099 0.0120354 0.119113 0.111759 -0.102527 0.57055
-0.197435 -0.364196 0.0133881 -0.0311628 0.43525 -0.216935 -0.0219405 0.764902 0.247492 0.158949 0.144709 0.21881 0.31686 0.0200271 0.3164 0.18185
0.0713163 -0.233706 0.0907882 0.336986 0.310709 -0.107904 0.0809167 0.250332 0.0148896 -0.237759 0.094168 -0.041909 -0.443476 -0.0434263 -0.270372 0.115325
-0.151885 0.0045453 0.173857 -0.2368 -0.158647 0.0467635 0.508645 -0.398193 0.0701761 -0.1862 -0.0592086 0.00731593 0.142246 0.537804 -0.545555 0.128066
-0.5 -0.0433305 -0.104857 0.201767 0.338528 -0.326203 -0.00649376 0.152001 0.27279 -0.124981 0.16445 -0.236332 0.224887 0.299448 -0.228376 -0.398296
0.144573 -0.705005 -0.034927 -0.0506378 -0.54121 0.298973 -0.364669 -0.0221725 -0.48492 0.173319 -0.0955486 -0.589543 0.249422 -0.0170498 -0.327856 0.0552083
-0.0250186 -0.106589 -0.0341398 0.358833 0.35204 -0.139643 0.51225 0.166843 0.399235 0.467284 0.0569714 -0.0153156 0.0552428 -0.145823 -0.374997 0.214964
0.465583 -0.468631 -0.224852 0.206448 0.0987595 -0.446547 -0.176611 0.151783 0.0748537 0.145521 -0.0988024 0.440164 0.0629131 0.440168 0.259671 0.437883
-0.358046 0.0247888 -0.201358 0.123966 0.0954998 0.00167257 0.0562633 -0.171094 -0.210836 -0.220739 -0.363449 0.170604 -0.170194 0.107421 -0.174985 -0.0819411
0.000522735 0.417107 -0.0604649 0.191355 -0.124385 0.205514 -0.534412 0.055371 -0.168617 -0.291554 -0.328526 0.265993 -0.343668 0.0995237 0.0968001 -0.498477
0.0480098 -0.0428356 -0.0541357 0.00677019 -0.0129699 -0.054533 0.265848 0.0111657 0.0786838 0.00790677 0.0884692 0 -0.0527178 0.0468476 -0.0231565 -0.0305211 0.00880404 0.0616368 0.148723 0 0.000145523 0.132371 -0.146999 -0.220878 0.229223 -0.114217 -0.213787 0.210829 0.0723438 -0.0769051 -0.186331 0.222898
-0.24485 -0.202574 -0.58599 0.391704 -0.461008 -0.5513 0.10378 0.124095 0.176754 -0.195084 0.396789 -0.179162 -0.0828076 -0.435801 -0.0522172 0.390268 -0.0927384 0.179681 0.0816725 0.171469 0.377642 -0.195626 0.294208 0.0968067 0.0253734 0.30607 0.121832 -0.272667 0.186079 -0.0906072 0.355477 -0.142489
-0.0564751 -0.279688 0.0257729 -0.112122 -0.0585988 0.398413 0.0210424 -0.183308 -0.237323 0.288964 -0.024252 -0.191076 0.0965334 0.118164 0.158539 -0.0463993 -0.348696 0.101758 -0.136999 -0.381381 0.360722 -0.149885 0.0673475 -0.0200114 -0.048796 -0.574612 0.0811222 0.0651886 -0.103587 0.0308666 -0.242575 -0.0160799
0.134765 0.407239 0.0556059 -0.0439733 0.0121368 0.0321653 -0.0813235 -0.0976843 0.250193 0.193733 -0.124274 0.237414 0.315964 -0.0515833 -0.254867 -0.0368138 -0.514645 0.155228 0.101905 0.292449 0.023525 0.0900012 0.0100896 -0.0549774 0.0778047 -0.44862 0.63446 0.0904067 0.276346 -0.129532 -0.0718157 0.0360813
0.380554 -0.346846 0.0268754 0.382158 0.260653 0.316247 0.0335623 0.0817084 -0.0441148 0.169034 0.264533 -0.284268 -0.31656 -0.0799464 0.0108923 -0.166132 0.0433523 -0.033601 -0.318229 0.144321 -0.0736043 0.155436 -0.339193 0.0793753 -0.120569 -0.318865 -0.256539 -0.00476843 -0.11141 0.170563 -0.253845 0.35812
0.185859 0.112185 0.121734 0.308047 -0.147705 -0.222221 -0.235093 -0.18311 0.112678 0.0268368 0.0305088 -0.563715 0.336586 0.035815 -0.119749 0.0821351 -0.329223 -0.138461 0.292472 -0.275721 -0.248199 -0.17245 0.237598 -0.109468 -0.123976 0.128407 -0.275368 0.241755 -0.0154175 0.048008 0.226832 -0.21782
-0.16609 0.0102241 -0.00071728 0.0324474 -0.0201709


BEST GENETIC Fitness

-0.0212097 -0.303614 0.333784 -0.668466 -0.271153 -0.0909154 0.862045 0.0666547 0.342228 -0.0652397 -0.367559 0.19787 -0.0153982 -0.467062 0.241439 0.10286
0.266286 0.116877 -0.210615 -0.121474 0.40139 -0.0256787 -0.0787465 -0.261893 0.0601947 0.1073 0.111786 -0.272028 0.0631493 0.0238984 -0.298831 -0.835869
-0.147181 0.0147419 0.00935974 0.339584 0.455127 0.799113 0.350209 -0.259815 -0.0705482 0.0910371 -0.614405 -0.0248121 -0.0423093 -0.214887 -0.045938 -0.285943
0.143286 -0.0248929 -0.5 -0.349051 0.324581 -0.241553 -0.338095 -0.103619 -0.0576886 0.191213 0.34406 0.627548 -0.312678 -0.0531445 0.327009 0.364963
-0.0325478 -0.0558809 -0.94704 0.080244 -0.213314 0.0126961 -0.518304 -0.0749956 -0.450508 0.0166796 0.202646 0.30169 -0.127816 -0.0148961 0.437529 0.155765
0.0434889 0.0595681 -0.783561 0.30652 -0.224559 0.0814892 1.02523 -0.15875 0.245638 0.202502 0.137358 0.0474515 0.374498 -0.317829 -0.00601428 0.00377595
-0.187371 -0.28597 0.12244 0.0389524 0.0303937 -0.0732703 -0.084052 0.262419 0.0717566 0.15242 -0.0239314 0.165798 0.0294024 0.0373526 0.177624 0.171145
-0.273843 -0.455794 -0.160099 0.278744 -0.538766 0.24298 -0.0351753 -0.347404 -0.0819465 -0.110095 -0.355114 -0.333736 0.17218 -0.241509 -0.158433 0.0489698
-0.106038 -0.452339 -0.00186497 -0.0213081 0.135001 -0.5 -0.0674827 -0.247357 -0.574155 -0.0155899 -0.226693 -0.0495078 -0.0960851 -0.367563 -0.0292017 -0.0186768
0.376764 -0.503918 -0.412486 0.329343 -0.548186 -0.23091 0.00916346 0.302103 0.306704 0.5 0.203061 -0.312488 0.5 0.279558 -0.292995 0.1111
0.115557 -0.150426 -0.194389 0.324644 -0.307745 0.018557 -0.863049 0.0495149 0.217132 0.420085 0.516691 0.466323 0.66519 0.337234 -0.0978084 0.323046
0.0336179 0.052696 -0.116078 -0.120557 0.331699 0.445348 0.0758499 0.784232 0.163336 -0.0358461 0.969849 0.206067 -0.051167 -0.0599228 -0.291177 -0.650511
0.90772 0.310759 -1.0397 0.390816 -0.478308 -0.124202 -0.354637 -0.426544 0.491634 0.5 0.201277 0.261746 -0.0512167 0.0405474 -0.0511702 0.432343
0.0549576 -0.309521 -0.0931715 -0.0978835 -0.122648 0.122814 0.0290097 -0.663891 -0.0230692 0.10242 -0.314165 0.339392 -0.296695 0.0376011 0.261131 0.405174
-0.168896 -0.43807 0.126256 -0.0326991 -0.272298 -0.119257 0.5 0.184181 1.00582 -0.143295 -0.446405 0.298282 -0.326189 0.218913 0.186173 -0.45911
0.269426 0.409747 0.163106 -0.157571 0.321635 0.275813 -0.0447545 0.715318 -0.0147079 -0.672835 -0.215226 0.265818 -0.732777 0.1168 0.133702 -0.096729
-0.0159639 0.304209 -0.000643698 -0.136608 0.224376 -0.442826 0.0517908 0.0914993 -0.253237 0.166705 0.135224 -0.257406 -0.459868 -0.254102 -0.603896 -0.61985
-0.252885 -0.104565 -0.242676 -0.0557254 0.466828 -0.122383 -0.217016 -0.412307 0.633949 0.498126 -0.159201 -0.356651 -0.154828 0.0593416 -0.368484 0.22477
-0.140025 0.16966 -0.1634 0.279688 0.144551 -0.745558 -0.204746 -0.439121 0.312583 0.248751 0.0249511 0.397272 0.330783 -0.238038 -0.706262 0.374951
0.127828 -0.112864 0.198813 0.324726 -0.600229 -0.179916 -0.262509 0.80663 0.0837556 0.0804328 0.120703 -0.245707 0.178397 -0.29434 -0.531553 0.5
-1.0578 0.100821 -0.486154 0.0150442 0.582408 -0.424006 -0.089075 0.117203 -0.547469 -0.125566 -0.00424509 -0.189108 0.177729 0.493433 0.265772 0.599564
-0.260838 -0.111245 -0.542938 0.0898947 -0.267466 0.369073 -0.363171 -0.0689915 -0.105994 -0.0541111 0.136625 0.272944 -0.17009 -0.291186 -0.265729 -0.439446
-0.25369 0.296309 -0.5 -0.344635 -0.152139 -0.389869 -0.652089 -0.192245 -0.406007 -0.5 -0.092918 0.765802 -0.228318 -0.5 0.320581 -0.29024
-0.435324 0.155194 -0.218499 -0.435532 0.430486 -0.0913459 0.145173 -0.0612401 -0.271283 -0.82413 -0.223164 0.0790967 0.397162 0.161636 -0.00377883 0.0129641
-0.220128 0.903914 -0.0977767 -0.166547 -0.102971 0.0680503 0.363223 -0.114393 -0.116707 0.166229 0.181426 0.678586 0.0307135 0.355967 -0.0705525 0.5
-0.5 -0.481071 -0.291519 0.660044 -0.114499 0.211753 -0.344989 0.203715 -0.177474 0.363702 -0.123489 0.063772 0.158742 -0.00056386 0.243225 -0.748452
-0.00711678 -0.0718263 0.406147 -0.335587 -0.121609 0.406049 -0.5 0.43724 0.0862861 0.368605 -0.246162 0.073367 -0.626135 -0.5 0.5 -0.203129
-0.374069 0.241332 0.256168 0.610678 -0.150144 -0.152432 -0.229457 -0.0644444 0.11643 -0.0429149 0.100041 -0.299947 -0.019635 0.352795 0.296466 0.230186
-0.32824 -0.435322 0.199065 0.213866 0.0216187 0.384436 0.110723 0.748702 1.00881 -0.5 0.11915 -0.0649044 0.158716 0.281347 0.0906207 0.00977772
-0.0231396 -0.0227121 -0.540688 0.0857396 -0.131357 0.5 -0.0824879 0.405342 0.0979332 -0.134793 0.191825 0.238501 0.293794 0.252725 0.046507 0.427745
-0.380223 -0.12642 0.169973 0.106446 -0.1695 0.29357 0.244704 -0.369338 0.32699 0.223049 0.450423 0.524167 0.0751848 -0.705976 -0.0681835 -0.196395
-0.153486 0.229045 -1.30592 -0.0337032 0.783223 -0.121098 -0.163688 0.0228728 -0.379527 0.163937 -0.190737 0.332918 -0.352678 0.243318 0.0920839 -0.22213
0.0422105 0.195588 -0.386984 0 0.52125 0 0 0.355701 0.222908 0 0 0 0 -0.415754 0.791954 0 0.104769 0 0 0.504425 -0.0524718 0 0 0.165688 0 -0.146628 -0.525222 -0.418871 0 0.338089 0 0
0.0175319 0.1146 0.0325416 -0.12101 0.00712947 -0.441303 0.101235 -0.00510904 0.668734 0.198782 -0.183322 -0.211788 0.178686 0.0112993 0.04832 -0.215244 -0.18031 -0.048104 -0.188023 0.151634 0.0188163 0.0203916 0.521922 0.522187 -0.184547 -0.0600554 -0.010115 -0.643061 -0.15391 -0.313261 -0.305735 0.0430187
-0.157245 0.038216 0.290307 -0.0751605 -0.23637 -0.177747 0.0219887 -0.156287 -0.37735 0.0844669 -0.217144 0.150688 0.441691 0.0809284 -0.168656 -0.170865 -0.0575519 -0.0576883 -0.412657 -0.259022 0.209851 0.00657954 0.271624 -0.254296 0.0526659 0.00248039 -0.192697 -0.0825103 -0.00824924 -0.630567 0.2963 0.00449804
0 0

ENTRENAMIENTO GENETICO SIN CROOSSOVER 0.3 MUTATION STRNGTH Y 0.2  MUTATION PROB

--- Iniciando Entrenamiento con Algoritmo Genético ---
Generación:    0 | Mejor Fitness:    385 | Fitness Promedio:   100.30
Generación:    1 | Mejor Fitness: 1060.00 | Fitness Promedio:   124.70
Generación:    2 | Mejor Fitness: 2050.00 | Fitness Promedio:   158.90
Generación:    3 | Mejor Fitness: 480.00 | Fitness Promedio:   153.90
Generación:    4 | Mejor Fitness: 1000.00 | Fitness Promedio:   184.60
Generación:    5 | Mejor Fitness: 680.00 | Fitness Promedio:   219.00
Generación:    6 | Mejor Fitness: 800.00 | Fitness Promedio:   217.80
Generación:    7 | Mejor Fitness: 1140.00 | Fitness Promedio:   247.30
Generación:    8 | Mejor Fitness: 1240.00 | Fitness Promedio:   234.20
Generación:    9 | Mejor Fitness: 1460.00 | Fitness Promedio:   281.00
Generación:   10 | Mejor Fitness: 1240.00 | Fitness Promedio:   268.60
Generación:   11 | Mejor Fitness: 1200.00 | Fitness Promedio:   214.30
Generación:   12 | Mejor Fitness: 1580.00 | Fitness Promedio:   263.60
Generación:   13 | Mejor Fitness: 480.00 | Fitness Promedio:   223.70
Generación:   14 | Mejor Fitness: 1320.00 | Fitness Promedio:   287.20
Generación:   15 | Mejor Fitness: 960.00 | Fitness Promedio:   242.90
Generación:   16 | Mejor Fitness: 860.00 | Fitness Promedio:   278.30
Generación:   17 | Mejor Fitness: 1120.00 | Fitness Promedio:   302.40
Generación:   18 | Mejor Fitness: 1160.00 | Fitness Promedio:   297.20
Generación:   19 | Mejor Fitness: 1400.00 | Fitness Promedio:   308.80
Generación:   20 | Mejor Fitness: 520.00 | Fitness Promedio:   257.40
Generación:   21 | Mejor Fitness: 580.00 | Fitness Promedio:   239.00
Generación:   22 | Mejor Fitness: 960.00 | Fitness Promedio:   309.70
Generación:   23 | Mejor Fitness: 1380.00 | Fitness Promedio:   374.30
Generación:   24 | Mejor Fitness: 960.00 | Fitness Promedio:   265.90
Generación:   25 | Mejor Fitness: 1040.00 | Fitness Promedio:   288.50
Generación:   26 | Mejor Fitness: 1080.00 | Fitness Promedio:   244.80
Generación:   27 | Mejor Fitness: 1040.00 | Fitness Promedio:   322.20
Generación:   28 | Mejor Fitness: 1540.00 | Fitness Promedio:   358.90
Generación:   29 | Mejor Fitness: 1160.00 | Fitness Promedio:   329.00
Generación:   30 | Mejor Fitness: 1200.00 | Fitness Promedio:   340.30
Generación:   31 | Mejor Fitness: 980.00 | Fitness Promedio:   299.50
Generación:   32 | Mejor Fitness: 1020.00 | Fitness Promedio:   336.60
Generación:   33 | Mejor Fitness: 1120.00 | Fitness Promedio:   330.80
Generación:   34 | Mejor Fitness: 1160.00 | Fitness Promedio:   343.60
Generación:   35 | Mejor Fitness: 1060.00 | Fitness Promedio:   317.30
Generación:   36 | Mejor Fitness: 1520.00 | Fitness Promedio:   342.50
Generación:   37 | Mejor Fitness: 1120.00 | Fitness Promedio:   349.40
Generación:   38 | Mejor Fitness: 1140.00 | Fitness Promedio:   341.20
Generación:   39 | Mejor Fitness: 1140.00 | Fitness Promedio:   343.70
Generación:   40 | Mejor Fitness: 1780.00 | Fitness Promedio:   312.80
Generación:   41 | Mejor Fitness: 1120.00 | Fitness Promedio:   301.90
Generación:   42 | Mejor Fitness: 1220.00 | Fitness Promedio:   396.80
Generación:   43 | Mejor Fitness: 1020.00 | Fitness Promedio:   320.60
Generación:   44 | Mejor Fitness: 1220.00 | Fitness Promedio:   347.70
Generación:   45 | Mejor Fitness: 1200.00 | Fitness Promedio:   325.10
Generación:   46 | Mejor Fitness: 1520.00 | Fitness Promedio:   353.00
Generación:   47 | Mejor Fitness: 1140.00 | Fitness Promedio:   344.20
Generación:   48 | Mejor Fitness: 1380.00 | Fitness Promedio:   317.30
Generación:   49 | Mejor Fitness: 1600.00 | Fitness Promedio:   372.80
Generación:   50 | Mejor Fitness: 1280.00 | Fitness Promedio:   373.40
Generación:   51 | Mejor Fitness: 1420.00 | Fitness Promedio:   321.70
Generación:   52 | Mejor Fitness: 1100.00 | Fitness Promedio:   313.70
Generación:   53 | Mejor Fitness: 1280.00 | Fitness Promedio:   384.90
Generación:   54 | Mejor Fitness: 1140.00 | Fitness Promedio:   321.60
Generación:   55 | Mejor Fitness: 1900.00 | Fitness Promedio:   371.30
Generación:   56 | Mejor Fitness: 1300.00 | Fitness Promedio:   340.00
Generación:   57 | Mejor Fitness: 820.00 | Fitness Promedio:   313.60
Generación:   58 | Mejor Fitness: 1240.00 | Fitness Promedio:   266.00
Generación:   59 | Mejor Fitness: 1200.00 | Fitness Promedio:   347.60
Generación:   60 | Mejor Fitness: 1400.00 | Fitness Promedio:   339.90
Generación:   61 | Mejor Fitness: 1340.00 | Fitness Promedio:   341.70
Generación:   62 | Mejor Fitness: 1320.00 | Fitness Promedio:   305.80
Generación:   63 | Mejor Fitness: 2080.00 | Fitness Promedio:   367.30
Generación:   64 | Mejor Fitness: 1360.00 | Fitness Promedio:   330.70
Generación:   65 | Mejor Fitness: 1300.00 | Fitness Promedio:   314.90
Generación:   66 | Mejor Fitness: 1400.00 | Fitness Promedio:   277.70
Generación:   67 | Mejor Fitness: 520.00 | Fitness Promedio:   261.30
Generación:   68 | Mejor Fitness: 1780.00 | Fitness Promedio:   350.70
Generación:   69 | Mejor Fitness: 1180.00 | Fitness Promedio:   347.30
Generación:   70 | Mejor Fitness: 940.00 | Fitness Promedio:   313.10
Generación:   71 | Mejor Fitness: 900.00 | Fitness Promedio:   291.50
Generación:   72 | Mejor Fitness: 1400.00 | Fitness Promedio:   357.70
Generación:   73 | Mejor Fitness: 1060.00 | Fitness Promedio:   335.30
Generación:   74 | Mejor Fitness: 1120.00 | Fitness Promedio:   307.20
Generación:   75 | Mejor Fitness: 1420.00 | Fitness Promedio:   378.10
Generación:   76 | Mejor Fitness: 1340.00 | Fitness Promedio:   382.50
Generación:   77 | Mejor Fitness: 1120.00 | Fitness Promedio:   270.40
Generación:   78 | Mejor Fitness: 1280.00 | Fitness Promedio:   331.80
Generación:   79 | Mejor Fitness: 1260.00 | Fitness Promedio:   364.50
Generación:   80 | Mejor Fitness: 1480.00 | Fitness Promedio:   407.40
Generación:   81 | Mejor Fitness: 1360.00 | Fitness Promedio:   321.10
Generación:   82 | Mejor Fitness: 1100.00 | Fitness Promedio:   359.90
Generación:   83 | Mejor Fitness: 1320.00 | Fitness Promedio:   319.00
Generación:   84 | Mejor Fitness: 1380.00 | Fitness Promedio:   340.30
Generación:   85 | Mejor Fitness: 1160.00 | Fitness Promedio:   387.30
Generación:   86 | Mejor Fitness: 1380.00 | Fitness Promedio:   302.00
Generación:   87 | Mejor Fitness: 1280.00 | Fitness Promedio:   334.30
Generación:   88 | Mejor Fitness: 1140.00 | Fitness Promedio:   359.60
Generación:   89 | Mejor Fitness: 2240.00 | Fitness Promedio:   318.80
Generación:   90 | Mejor Fitness: 1140.00 | Fitness Promedio:   384.90
Generación:   91 | Mejor Fitness: 1480.00 | Fitness Promedio:   370.60
Generación:   92 | Mejor Fitness: 1520.00 | Fitness Promedio:   403.70
Generación:   93 | Mejor Fitness: 1140.00 | Fitness Promedio:   309.70
Generación:   94 | Mejor Fitness: 1120.00 | Fitness Promedio:   341.00
Generación:   95 | Mejor Fitness: 1340.00 | Fitness Promedio:   359.70
Generación:   96 | Mejor Fitness: 1240.00 | Fitness Promedio:   400.60
Generación:   97 | Mejor Fitness: 1500.00 | Fitness Promedio:   379.20
Generación:   98 | Mejor Fitness: 1480.00 | Fitness Promedio:   315.50
Generación:   99 | Mejor Fitness: 1940.00 | Fitness Promedio:   442.20
Generación:  100 | Mejor Fitness: 940.00 | Fitness Promedio:   352.50
Generación:  101 | Mejor Fitness: 1000.00 | Fitness Promedio:   327.70
Generación:  102 | Mejor Fitness: 1000.00 | Fitness Promedio:   281.50
Generación:  103 | Mejor Fitness: 1240.00 | Fitness Promedio:   354.00
Generación:  104 | Mejor Fitness: 1340.00 | Fitness Promedio:   385.40
Generación:  105 | Mejor Fitness: 1020.00 | Fitness Promedio:   353.30
Generación:  106 | Mejor Fitness: 1240.00 | Fitness Promedio:   347.30
Generación:  107 | Mejor Fitness: 1140.00 | Fitness Promedio:   325.20
Generación:  108 | Mejor Fitness: 1480.00 | Fitness Promedio:   357.70
Generación:  109 | Mejor Fitness: 1040.00 | Fitness Promedio:   385.80
Generación:  110 | Mejor Fitness: 1240.00 | Fitness Promedio:   419.30
Generación:  111 | Mejor Fitness: 1320.00 | Fitness Promedio:   384.50
Generación:  112 | Mejor Fitness: 1040.00 | Fitness Promedio:   337.70
Generación:  113 | Mejor Fitness: 1320.00 | Fitness Promedio:   391.40
Generación:  114 | Mejor Fitness: 1460.00 | Fitness Promedio:   407.20
Generación:  115 | Mejor Fitness: 1000.00 | Fitness Promedio:   350.70
Generación:  116 | Mejor Fitness: 1400.00 | Fitness Promedio:   375.40
Generación:  117 | Mejor Fitness: 1260.00 | Fitness Promedio:   319.90
Generación:  118 | Mejor Fitness: 980.00 | Fitness Promedio:   319.70
Generación:  119 | Mejor Fitness: 1240.00 | Fitness Promedio:   331.50
Generación:  120 | Mejor Fitness: 1040.00 | Fitness Promedio:   357.00
Generación:  121 | Mejor Fitness: 1660.00 | Fitness Promedio:   368.70
Generación:  122 | Mejor Fitness: 660.00 | Fitness Promedio:   295.60
Generación:  123 | Mejor Fitness: 1200.00 | Fitness Promedio:   353.20
Generación:  124 | Mejor Fitness: 1300.00 | Fitness Promedio:   399.40
Generación:  125 | Mejor Fitness: 1520.00 | Fitness Promedio:   372.50
Generación:  126 | Mejor Fitness: 1300.00 | Fitness Promedio:   397.80
Generación:  127 | Mejor Fitness: 1280.00 | Fitness Promedio:   328.70
Generación:  128 | Mejor Fitness: 1580.00 | Fitness Promedio:   319.20
Generación:  129 | Mejor Fitness: 1200.00 | Fitness Promedio:   336.80
Generación:  130 | Mejor Fitness: 1000.00 | Fitness Promedio:   359.20
Generación:  131 | Mejor Fitness: 1320.00 | Fitness Promedio:   390.90
Generación:  132 | Mejor Fitness: 1620.00 | Fitness Promedio:   315.80
Generación:  133 | Mejor Fitness: 1020.00 | Fitness Promedio:   330.30
Generación:  134 | Mejor Fitness: 1320.00 | Fitness Promedio:   435.60
Generación:  135 | Mejor Fitness: 740.00 | Fitness Promedio:   303.10
Generación:  136 | Mejor Fitness: 1200.00 | Fitness Promedio:   341.10
Generación:  137 | Mejor Fitness: 1340.00 | Fitness Promedio:   340.80
Generación:  138 | Mejor Fitness: 1020.00 | Fitness Promedio:   354.60
Generación:  139 | Mejor Fitness: 880.00 | Fitness Promedio:   332.40
Generación:  140 | Mejor Fitness: 1160.00 | Fitness Promedio:   361.60
Generación:  141 | Mejor Fitness: 1020.00 | Fitness Promedio:   371.70
Generación:  142 | Mejor Fitness: 1320.00 | Fitness Promedio:   399.90
Generación:  143 | Mejor Fitness: 1140.00 | Fitness Promedio:   378.30
Generación:  144 | Mejor Fitness: 1800.00 | Fitness Promedio:   305.80
Generación:  145 | Mejor Fitness: 1060.00 | Fitness Promedio:   372.30
Generación:  146 | Mejor Fitness: 1300.00 | Fitness Promedio:   357.90
Generación:  147 | Mejor Fitness: 1280.00 | Fitness Promedio:   362.00
Generación:  148 | Mejor Fitness: 1480.00 | Fitness Promedio:   390.30
Generación:  149 | Mejor Fitness: 1740.00 | Fitness Promedio:   373.80
Generación:  150 | Mejor Fitness: 1620.00 | Fitness Promedio:   353.50
Generación:  151 | Mejor Fitness: 1400.00 | Fitness Promedio:   359.90
Generación:  152 | Mejor Fitness: 1060.00 | Fitness Promedio:   338.50
Generación:  153 | Mejor Fitness: 1000.00 | Fitness Promedio:   330.10
Generación:  154 | Mejor Fitness: 1380.00 | Fitness Promedio:   341.80
Generación:  155 | Mejor Fitness: 980.00 | Fitness Promedio:   336.90
Generación:  156 | Mejor Fitness: 1340.00 | Fitness Promedio:   386.70
Generación:  157 | Mejor Fitness: 1260.00 | Fitness Promedio:   371.50
Generación:  158 | Mejor Fitness: 1080.00 | Fitness Promedio:   291.70
Generación:  159 | Mejor Fitness: 1160.00 | Fitness Promedio:   336.00
Generación:  160 | Mejor Fitness: 1020.00 | Fitness Promedio:   332.30
Generación:  161 | Mejor Fitness: 1060.00 | Fitness Promedio:   332.70
Generación:  162 | Mejor Fitness: 1200.00 | Fitness Promedio:   357.70
Generación:  163 | Mejor Fitness: 1680.00 | Fitness Promedio:   434.60
Generación:  164 | Mejor Fitness: 1460.00 | Fitness Promedio:   417.30
Generación:  165 | Mejor Fitness: 1420.00 | Fitness Promedio:   350.10
Generación:  166 | Mejor Fitness: 1300.00 | Fitness Promedio:   361.70
Generación:  167 | Mejor Fitness: 1080.00 | Fitness Promedio:   391.80
Generación:  168 | Mejor Fitness: 1000.00 | Fitness Promedio:   385.80
Generación:  169 | Mejor Fitness: 1740.00 | Fitness Promedio:   439.40
Generación:  170 | Mejor Fitness: 1380.00 | Fitness Promedio:   335.00
Generación:  171 | Mejor Fitness: 800.00 | Fitness Promedio:   319.10
Generación:  172 | Mejor Fitness: 1760.00 | Fitness Promedio:   396.40
Generación:  173 | Mejor Fitness: 1380.00 | Fitness Promedio:   380.50
Generación:  174 | Mejor Fitness: 1200.00 | Fitness Promedio:   369.20
Generación:  175 | Mejor Fitness: 1700.00 | Fitness Promedio:   392.20
Generación:  176 | Mejor Fitness: 1240.00 | Fitness Promedio:   386.70
Generación:  177 | Mejor Fitness: 1020.00 | Fitness Promedio:   357.40
Generación:  178 | Mejor Fitness: 1120.00 | Fitness Promedio:   351.60
Generación:  179 | Mejor Fitness: 1260.00 | Fitness Promedio:   390.10
Generación:  180 | Mejor Fitness: 1160.00 | Fitness Promedio:   357.10
Generación:  181 | Mejor Fitness: 1360.00 | Fitness Promedio:   413.10
Generación:  182 | Mejor Fitness: 1640.00 | Fitness Promedio:   453.20
Generación:  183 | Mejor Fitness: 1620.00 | Fitness Promedio:   405.50
Generación:  184 | Mejor Fitness: 1040.00 | Fitness Promedio:   382.40
Generación:  185 | Mejor Fitness: 1360.00 | Fitness Promedio:   386.90
Generación:  186 | Mejor Fitness: 840.00 | Fitness Promedio:   342.90
Generación:  187 | Mejor Fitness: 920.00 | Fitness Promedio:   337.30
Generación:  188 | Mejor Fitness: 660.00 | Fitness Promedio:   327.90
Generación:  189 | Mejor Fitness: 1460.00 | Fitness Promedio:   346.20
Generación:  190 | Mejor Fitness: 1900.00 | Fitness Promedio:   410.10
Generación:  191 | Mejor Fitness: 920.00 | Fitness Promedio:   368.40
Generación:  192 | Mejor Fitness: 980.00 | Fitness Promedio:   353.30
Generación:  193 | Mejor Fitness: 1020.00 | Fitness Promedio:   358.60
Generación:  194 | Mejor Fitness: 2740.00 | Fitness Promedio:   426.40
Generación:  195 | Mejor Fitness: 1460.00 | Fitness Promedio:   371.80
Generación:  196 | Mejor Fitness: 1120.00 | Fitness Promedio:   390.20
Generación:  197 | Mejor Fitness: 1320.00 | Fitness Promedio:   393.90
Generación:  198 | Mejor Fitness: 1720.00 | Fitness Promedio:   419.80
Generación:  199 | Mejor Fitness: 1100.00 | Fitness Promedio:   335.10
Generación:  200 | Mejor Fitness: 1020.00 | Fitness Promedio:   342.40
Generación:  201 | Mejor Fitness: 1540.00 | Fitness Promedio:   383.40
Generación:  202 | Mejor Fitness: 1240.00 | Fitness Promedio:   320.20
Generación:  203 | Mejor Fitness: 1200.00 | Fitness Promedio:   334.70
Generación:  204 | Mejor Fitness: 1300.00 | Fitness Promedio:   385.50
Generación:  205 | Mejor Fitness: 1200.00 | Fitness Promedio:   399.10
Generación:  206 | Mejor Fitness: 1120.00 | Fitness Promedio:   394.30
Generación:  207 | Mejor Fitness: 1120.00 | Fitness Promedio:   349.50
Generación:  208 | Mejor Fitness: 2080.00 | Fitness Promedio:   442.50
Generación:  209 | Mejor Fitness: 1100.00 | Fitness Promedio:   306.40
Generación:  210 | Mejor Fitness: 1380.00 | Fitness Promedio:   417.50
Generación:  211 | Mejor Fitness: 1160.00 | Fitness Promedio:   374.80
Generación:  212 | Mejor Fitness: 1320.00 | Fitness Promedio:   399.80
Generación:  213 | Mejor Fitness: 1180.00 | Fitness Promedio:   405.70
Generación:  214 | Mejor Fitness: 1420.00 | Fitness Promedio:   336.10
Generación:  215 | Mejor Fitness: 2020.00 | Fitness Promedio:   493.10
Generación:  216 | Mejor Fitness: 1360.00 | Fitness Promedio:   403.60
Generación:  217 | Mejor Fitness: 1200.00 | Fitness Promedio:   375.90
Generación:  218 | Mejor Fitness: 1620.00 | Fitness Promedio:   395.70
Generación:  219 | Mejor Fitness: 1500.00 | Fitness Promedio:   344.90
Generación:  220 | Mejor Fitness: 1120.00 | Fitness Promedio:   384.20
Generación:  221 | Mejor Fitness: 1260.00 | Fitness Promedio:   380.00
Generación:  222 | Mejor Fitness: 1360.00 | Fitness Promedio:   421.90
Generación:  223 | Mejor Fitness: 1560.00 | Fitness Promedio:   414.10
Generación:  224 | Mejor Fitness: 1180.00 | Fitness Promedio:   358.30
Generación:  225 | Mejor Fitness: 760.00 | Fitness Promedio:   337.70
Generación:  226 | Mejor Fitness: 1560.00 | Fitness Promedio:   389.10
Generación:  227 | Mejor Fitness: 1080.00 | Fitness Promedio:   302.00
Generación:  228 | Mejor Fitness: 1160.00 | Fitness Promedio:   348.30
Generación:  229 | Mejor Fitness: 1540.00 | Fitness Promedio:   334.30
Generación:  230 | Mejor Fitness: 1240.00 | Fitness Promedio:   328.40
Generación:  231 | Mejor Fitness: 1240.00 | Fitness Promedio:   385.30
Generación:  232 | Mejor Fitness: 1240.00 | Fitness Promedio:   352.10
Generación:  233 | Mejor Fitness: 1040.00 | Fitness Promedio:   405.10
Generación:  234 | Mejor Fitness: 1320.00 | Fitness Promedio:   381.10
Generación:  235 | Mejor Fitness: 1280.00 | Fitness Promedio:   384.60
Generación:  236 | Mejor Fitness: 1480.00 | Fitness Promedio:   383.60
Generación:  237 | Mejor Fitness: 940.00 | Fitness Promedio:   334.60
Generación:  238 | Mejor Fitness: 1200.00 | Fitness Promedio:   350.70
Generación:  239 | Mejor Fitness: 1660.00 | Fitness Promedio:   409.40
Generación:  240 | Mejor Fitness: 940.00 | Fitness Promedio:   369.70
Generación:  241 | Mejor Fitness: 1320.00 | Fitness Promedio:   392.30
Generación:  242 | Mejor Fitness: 1240.00 | Fitness Promedio:   369.00
Generación:  243 | Mejor Fitness: 1260.00 | Fitness Promedio:   371.70
Generación:  244 | Mejor Fitness: 1220.00 | Fitness Promedio:   352.00
Generación:  245 | Mejor Fitness: 1200.00 | Fitness Promedio:   357.40
Generación:  246 | Mejor Fitness: 1080.00 | Fitness Promedio:   365.90
Generación:  247 | Mejor Fitness: 1720.00 | Fitness Promedio:   450.90
Generación:  248 | Mejor Fitness: 1480.00 | Fitness Promedio:   360.90
Generación:  249 | Mejor Fitness: 1440.00 | Fitness Promedio:   400.40
Generación:  250 | Mejor Fitness: 1140.00 | Fitness Promedio:   383.00
Generación:  251 | Mejor Fitness: 1420.00 | Fitness Promedio:   372.30
Generación:  252 | Mejor Fitness: 1240.00 | Fitness Promedio:   398.00
Generación:  253 | Mejor Fitness: 1420.00 | Fitness Promedio:   426.50
Generación:  254 | Mejor Fitness: 1160.00 | Fitness Promedio:   340.50
Generación:  255 | Mejor Fitness: 960.00 | Fitness Promedio:   338.80
Generación:  256 | Mejor Fitness: 1300.00 | Fitness Promedio:   328.40
Generación:  257 | Mejor Fitness: 940.00 | Fitness Promedio:   334.40
Generación:  258 | Mejor Fitness: 1040.00 | Fitness Promedio:   331.10
Generación:  259 | Mejor Fitness: 1200.00 | Fitness Promedio:   452.60
Generación:  260 | Mejor Fitness: 1480.00 | Fitness Promedio:   421.00
Generación:  261 | Mejor Fitness: 1320.00 | Fitness Promedio:   354.10
Generación:  262 | Mejor Fitness: 1320.00 | Fitness Promedio:   356.40
Generación:  263 | Mejor Fitness: 1180.00 | Fitness Promedio:   372.70
Generación:  264 | Mejor Fitness: 1120.00 | Fitness Promedio:   358.20
Generación:  265 | Mejor Fitness: 1280.00 | Fitness Promedio:   404.50
Generación:  266 | Mejor Fitness: 1320.00 | Fitness Promedio:   373.60
Generación:  267 | Mejor Fitness: 1340.00 | Fitness Promedio:   364.50
Generación:  268 | Mejor Fitness: 1720.00 | Fitness Promedio:   444.40
Generación:  269 | Mejor Fitness: 1240.00 | Fitness Promedio:   378.50
Generación:  270 | Mejor Fitness: 1360.00 | Fitness Promedio:   430.30
Generación:  271 | Mejor Fitness: 1360.00 | Fitness Promedio:   297.60
Generación:  272 | Mejor Fitness: 1060.00 | Fitness Promedio:   340.10
Generación:  273 | Mejor Fitness: 980.00 | Fitness Promedio:   318.90
Generación:  274 | Mejor Fitness: 1500.00 | Fitness Promedio:   353.60
Generación:  275 | Mejor Fitness: 1160.00 | Fitness Promedio:   379.40
Generación:  276 | Mejor Fitness: 1320.00 | Fitness Promedio:   361.60
Generación:  277 | Mejor Fitness: 1320.00 | Fitness Promedio:   346.30
Generación:  278 | Mejor Fitness: 1000.00 | Fitness Promedio:   395.00
Generación:  279 | Mejor Fitness: 760.00 | Fitness Promedio:   328.50
Generación:  280 | Mejor Fitness: 1420.00 | Fitness Promedio:   377.00
Generación:  281 | Mejor Fitness: 1320.00 | Fitness Promedio:   351.30
Generación:  282 | Mejor Fitness: 1540.00 | Fitness Promedio:   378.00
Generación:  283 | Mejor Fitness: 1380.00 | Fitness Promedio:   385.20
Generación:  284 | Mejor Fitness: 940.00 | Fitness Promedio:   348.50
Generación:  285 | Mejor Fitness: 1340.00 | Fitness Promedio:   402.30
Generación:  286 | Mejor Fitness: 1040.00 | Fitness Promedio:   388.00
Generación:  287 | Mejor Fitness: 1420.00 | Fitness Promedio:   414.10
Generación:  288 | Mejor Fitness: 960.00 | Fitness Promedio:   373.70
Generación:  289 | Mejor Fitness: 1180.00 | Fitness Promedio:   367.90
Generación:  290 | Mejor Fitness: 1340.00 | Fitness Promedio:   385.10
Generación:  291 | Mejor Fitness: 1160.00 | Fitness Promedio:   393.90
Generación:  292 | Mejor Fitness: 1400.00 | Fitness Promedio:   434.20
Generación:  293 | Mejor Fitness: 1820.00 | Fitness Promedio:   411.10
Generación:  294 | Mejor Fitness: 1200.00 | Fitness Promedio:   389.90
Generación:  295 | Mejor Fitness: 1380.00 | Fitness Promedio:   401.80
Generación:  296 | Mejor Fitness: 1140.00 | Fitness Promedio:   399.00
Generación:  297 | Mejor Fitness: 1240.00 | Fitness Promedio:   359.50
Generación:  298 | Mejor Fitness: 1440.00 | Fitness Promedio:   403.60
Generación:  299 | Mejor Fitness: 1740.00 | Fitness Promedio:   413.10
Generación:  300 | Mejor Fitness: 1800.00 | Fitness Promedio:   453.70
Generación:  301 | Mejor Fitness: 1640.00 | Fitness Promedio:   429.80
Generación:  302 | Mejor Fitness: 580.00 | Fitness Promedio:   292.70
Generación:  303 | Mejor Fitness: 1240.00 | Fitness Promedio:   312.50
Generación:  304 | Mejor Fitness: 1320.00 | Fitness Promedio:   392.20
Generación:  305 | Mejor Fitness: 1300.00 | Fitness Promedio:   361.70
Generación:  306 | Mejor Fitness: 1420.00 | Fitness Promedio:   431.90
Generación:  307 | Mejor Fitness: 1620.00 | Fitness Promedio:   425.50
Generación:  308 | Mejor Fitness: 1740.00 | Fitness Promedio:   352.10
Generación:  309 | Mejor Fitness: 1440.00 | Fitness Promedio:   393.10
Generación:  310 | Mejor Fitness: 1440.00 | Fitness Promedio:   379.40
Generación:  311 | Mejor Fitness: 1860.00 | Fitness Promedio:   403.90
Generación:  312 | Mejor Fitness: 1920.00 | Fitness Promedio:   350.70
Generación:  313 | Mejor Fitness: 1080.00 | Fitness Promedio:   341.10
Generación:  314 | Mejor Fitness: 1360.00 | Fitness Promedio:   401.30
Generación:  315 | Mejor Fitness: 1600.00 | Fitness Promedio:   477.20
Generación:  316 | Mejor Fitness: 1580.00 | Fitness Promedio:   439.90
Generación:  317 | Mejor Fitness: 1080.00 | Fitness Promedio:   326.90
Generación:  318 | Mejor Fitness: 1260.00 | Fitness Promedio:   377.30
Generación:  319 | Mejor Fitness: 1320.00 | Fitness Promedio:   394.80
Generación:  320 | Mejor Fitness: 880.00 | Fitness Promedio:   336.10
Generación:  321 | Mejor Fitness: 1360.00 | Fitness Promedio:   395.40
Generación:  322 | Mejor Fitness: 1140.00 | Fitness Promedio:   359.90
Generación:  323 | Mejor Fitness: 1120.00 | Fitness Promedio:   374.00
Generación:  324 | Mejor Fitness: 1880.00 | Fitness Promedio:   401.00
Generación:  325 | Mejor Fitness: 1420.00 | Fitness Promedio:   374.70
Generación:  326 | Mejor Fitness: 1620.00 | Fitness Promedio:   362.80
Generación:  327 | Mejor Fitness: 1540.00 | Fitness Promedio:   418.50
Generación:  328 | Mejor Fitness: 1280.00 | Fitness Promedio:   381.10
Generación:  329 | Mejor Fitness: 1440.00 | Fitness Promedio:   418.70
Generación:  330 | Mejor Fitness: 1480.00 | Fitness Promedio:   418.20
Generación:  331 | Mejor Fitness: 1060.00 | Fitness Promedio:   352.10
Generación:  332 | Mejor Fitness: 1280.00 | Fitness Promedio:   360.10
Generación:  333 | Mejor Fitness: 1440.00 | Fitness Promedio:   428.30
Generación:  334 | Mejor Fitness: 1080.00 | Fitness Promedio:   351.80
Generación:  335 | Mejor Fitness: 1400.00 | Fitness Promedio:   458.50
Generación:  336 | Mejor Fitness: 1060.00 | Fitness Promedio:   353.30
Generación:  337 | Mejor Fitness: 1700.00 | Fitness Promedio:   397.50
Generación:  338 | Mejor Fitness: 2500.00 | Fitness Promedio:   453.10
Generación:  339 | Mejor Fitness: 1320.00 | Fitness Promedio:   434.70
Generación:  340 | Mejor Fitness: 1500.00 | Fitness Promedio:   406.20
Generación:  341 | Mejor Fitness: 1520.00 | Fitness Promedio:   431.00
Generación:  342 | Mejor Fitness: 1880.00 | Fitness Promedio:   485.60
Generación:  343 | Mejor Fitness: 1380.00 | Fitness Promedio:   441.20
Generación:  344 | Mejor Fitness: 1520.00 | Fitness Promedio:   390.90
Generación:  345 | Mejor Fitness: 1460.00 | Fitness Promedio:   428.70
Generación:  346 | Mejor Fitness: 1840.00 | Fitness Promedio:   450.80
Generación:  347 | Mejor Fitness: 1100.00 | Fitness Promedio:   355.40
Generación:  348 | Mejor Fitness: 2245.00 | Fitness Promedio:   494.50
Generación:  349 | Mejor Fitness: 2160.00 | Fitness Promedio:   410.60
Generación:  350 | Mejor Fitness: 1060.00 | Fitness Promedio:   385.10
Generación:  351 | Mejor Fitness: 840.00 | Fitness Promedio:   330.00
Generación:  352 | Mejor Fitness: 2020.00 | Fitness Promedio:   410.40
Generación:  353 | Mejor Fitness: 1500.00 | Fitness Promedio:   379.00
Generación:  354 | Mejor Fitness: 960.00 | Fitness Promedio:   309.50
Generación:  355 | Mejor Fitness: 1220.00 | Fitness Promedio:   418.30
Generación:  356 | Mejor Fitness: 1320.00 | Fitness Promedio:   396.70
Generación:  357 | Mejor Fitness: 1320.00 | Fitness Promedio:   415.60
Generación:  358 | Mejor Fitness: 1460.00 | Fitness Promedio:   449.10
Generación:  359 | Mejor Fitness: 1120.00 | Fitness Promedio:   400.70
Generación:  360 | Mejor Fitness: 1360.00 | Fitness Promedio:   446.30
Generación:  361 | Mejor Fitness: 1540.00 | Fitness Promedio:   408.00
Generación:  362 | Mejor Fitness: 1440.00 | Fitness Promedio:   426.70
Generación:  363 | Mejor Fitness: 1580.00 | Fitness Promedio:   431.20
Generación:  364 | Mejor Fitness: 1240.00 | Fitness Promedio:   405.50
Generación:  365 | Mejor Fitness: 1380.00 | Fitness Promedio:   461.80
Generación:  366 | Mejor Fitness: 1240.00 | Fitness Promedio:   408.40
Generación:  367 | Mejor Fitness: 1400.00 | Fitness Promedio:   393.30
Generación:  368 | Mejor Fitness: 1200.00 | Fitness Promedio:   438.00
Generación:  369 | Mejor Fitness: 1060.00 | Fitness Promedio:   331.10
Generación:  370 | Mejor Fitness: 1520.00 | Fitness Promedio:   533.40
Generación:  371 | Mejor Fitness: 1500.00 | Fitness Promedio:   452.40
Generación:  372 | Mejor Fitness: 1620.00 | Fitness Promedio:   439.50
Generación:  373 | Mejor Fitness: 1360.00 | Fitness Promedio:   418.30
Generación:  374 | Mejor Fitness: 1380.00 | Fitness Promedio:   363.20
Generación:  375 | Mejor Fitness: 1560.00 | Fitness Promedio:   475.70
Generación:  376 | Mejor Fitness: 1280.00 | Fitness Promedio:   465.00
Generación:  377 | Mejor Fitness: 1100.00 | Fitness Promedio:   416.90
Generación:  378 | Mejor Fitness: 1540.00 | Fitness Promedio:   508.30
Generación:  379 | Mejor Fitness: 1280.00 | Fitness Promedio:   390.60
Generación:  380 | Mejor Fitness: 1240.00 | Fitness Promedio:   452.90
Generación:  381 | Mejor Fitness: 1000.00 | Fitness Promedio:   342.40
Generación:  382 | Mejor Fitness: 1060.00 | Fitness Promedio:   393.00
Generación:  383 | Mejor Fitness: 1200.00 | Fitness Promedio:   420.80
Generación:  384 | Mejor Fitness: 1720.00 | Fitness Promedio:   369.00
Generación:  385 | Mejor Fitness: 1440.00 | Fitness Promedio:   369.80
Generación:  386 | Mejor Fitness: 1400.00 | Fitness Promedio:   369.30
Generación:  387 | Mejor Fitness: 1280.00 | Fitness Promedio:   382.90
Generación:  388 | Mejor Fitness: 1300.00 | Fitness Promedio:   409.00
Generación:  389 | Mejor Fitness: 1400.00 | Fitness Promedio:   360.10
Generación:  390 | Mejor Fitness: 1140.00 | Fitness Promedio:   385.90
Generación:  391 | Mejor Fitness: 2040.00 | Fitness Promedio:   384.80
Generación:  392 | Mejor Fitness: 1200.00 | Fitness Promedio:   398.20
Generación:  393 | Mejor Fitness: 1540.00 | Fitness Promedio:   358.50
Generación:  394 | Mejor Fitness: 1600.00 | Fitness Promedio:   400.50
Generación:  395 | Mejor Fitness: 1160.00 | Fitness Promedio:   349.20
Generación:  396 | Mejor Fitness: 1320.00 | Fitness Promedio:   383.20
Generación:  397 | Mejor Fitness: 1020.00 | Fitness Promedio:   337.50
Generación:  398 | Mejor Fitness: 1140.00 | Fitness Promedio:   370.60
Generación:  399 | Mejor Fitness: 1820.00 | Fitness Promedio:   418.30
Generación:  400 | Mejor Fitness: 1580.00 | Fitness Promedio:   408.20
Generación:  401 | Mejor Fitness: 1740.00 | Fitness Promedio:   352.10
Generación:  402 | Mejor Fitness: 940.00 | Fitness Promedio:   413.10
Generación:  403 | Mejor Fitness: 1720.00 | Fitness Promedio:   391.80
Generación:  404 | Mejor Fitness: 1280.00 | Fitness Promedio:   374.60
Generación:  405 | Mejor Fitness: 900.00 | Fitness Promedio:   365.50
Generación:  406 | Mejor Fitness: 1040.00 | Fitness Promedio:   372.80
Generación:  407 | Mejor Fitness: 1420.00 | Fitness Promedio:   389.00
Generación:  408 | Mejor Fitness: 1120.00 | Fitness Promedio:   414.80
Generación:  409 | Mejor Fitness: 980.00 | Fitness Promedio:   376.20
Generación:  410 | Mejor Fitness: 1040.00 | Fitness Promedio:   380.80
Generación:  411 | Mejor Fitness: 680.00 | Fitness Promedio:   336.30
Generación:  412 | Mejor Fitness: 1360.00 | Fitness Promedio:   441.40
Generación:  413 | Mejor Fitness: 1300.00 | Fitness Promedio:   475.30
Generación:  414 | Mejor Fitness: 1720.00 | Fitness Promedio:   416.40
Generación:  415 | Mejor Fitness: 1640.00 | Fitness Promedio:   433.80
Generación:  416 | Mejor Fitness: 1540.00 | Fitness Promedio:   427.10
Generación:  417 | Mejor Fitness: 2280.00 | Fitness Promedio:   394.40
Generación:  418 | Mejor Fitness: 1800.00 | Fitness Promedio:   463.40
Generación:  419 | Mejor Fitness: 2000.00 | Fitness Promedio:   427.50
Generación:  420 | Mejor Fitness: 1460.00 | Fitness Promedio:   365.50
Generación:  421 | Mejor Fitness: 780.00 | Fitness Promedio:   347.90
Generación:  422 | Mejor Fitness: 1460.00 | Fitness Promedio:   363.10
Generación:  423 | Mejor Fitness: 1320.00 | Fitness Promedio:   411.80
Generación:  424 | Mejor Fitness: 1460.00 | Fitness Promedio:   408.60
Generación:  425 | Mejor Fitness: 1400.00 | Fitness Promedio:   374.00
Generación:  426 | Mejor Fitness: 1260.00 | Fitness Promedio:   403.10
Generación:  427 | Mejor Fitness: 900.00 | Fitness Promedio:   337.50
Generación:  428 | Mejor Fitness: 1560.00 | Fitness Promedio:   416.10
Generación:  429 | Mejor Fitness: 1160.00 | Fitness Promedio:   460.50
Generación:  430 | Mejor Fitness: 1480.00 | Fitness Promedio:   474.10
Generación:  431 | Mejor Fitness: 1160.00 | Fitness Promedio:   427.20
Generación:  432 | Mejor Fitness: 980.00 | Fitness Promedio:   375.10
Generación:  433 | Mejor Fitness: 1480.00 | Fitness Promedio:   442.80
Generación:  434 | Mejor Fitness: 900.00 | Fitness Promedio:   352.30
Generación:  435 | Mejor Fitness: 1440.00 | Fitness Promedio:   416.60
Generación:  436 | Mejor Fitness: 1520.00 | Fitness Promedio:   446.00
Generación:  437 | Mejor Fitness: 1320.00 | Fitness Promedio:   390.60
Generación:  438 | Mejor Fitness: 1300.00 | Fitness Promedio:   399.20
Generación:  439 | Mejor Fitness: 1180.00 | Fitness Promedio:   414.80
Generación:  440 | Mejor Fitness: 920.00 | Fitness Promedio:   338.00
Generación:  441 | Mejor Fitness: 1360.00 | Fitness Promedio:   424.60
Generación:  442 | Mejor Fitness: 900.00 | Fitness Promedio:   335.80
Generación:  443 | Mejor Fitness: 780.00 | Fitness Promedio:   329.70
Generación:  444 | Mejor Fitness: 1200.00 | Fitness Promedio:   424.10
Generación:  445 | Mejor Fitness: 1140.00 | Fitness Promedio:   406.80
Generación:  446 | Mejor Fitness: 1320.00 | Fitness Promedio:   378.90
Generación:  447 | Mejor Fitness: 1500.00 | Fitness Promedio:   381.70
Generación:  448 | Mejor Fitness: 1080.00 | Fitness Promedio:   387.90
Generación:  449 | Mejor Fitness: 1160.00 | Fitness Promedio:   387.00
Generación:  450 | Mejor Fitness: 1880.00 | Fitness Promedio:   419.90
Generación:  451 | Mejor Fitness: 1440.00 | Fitness Promedio:   427.30
Generación:  452 | Mejor Fitness: 1580.00 | Fitness Promedio:   434.10
Generación:  453 | Mejor Fitness: 1520.00 | Fitness Promedio:   457.60
Generación:  454 | Mejor Fitness: 1600.00 | Fitness Promedio:   425.60
Generación:  455 | Mejor Fitness: 2020.00 | Fitness Promedio:   415.90
Generación:  456 | Mejor Fitness: 1240.00 | Fitness Promedio:   425.40
Generación:  457 | Mejor Fitness: 1120.00 | Fitness Promedio:   406.40
Generación:  458 | Mejor Fitness: 1160.00 | Fitness Promedio:   368.20
Generación:  459 | Mejor Fitness: 1280.00 | Fitness Promedio:   424.00
Generación:  460 | Mejor Fitness: 1580.00 | Fitness Promedio:   407.50
Generación:  461 | Mejor Fitness: 1080.00 | Fitness Promedio:   364.90
Generación:  462 | Mejor Fitness: 1220.00 | Fitness Promedio:   461.20
Generación:  463 | Mejor Fitness: 1200.00 | Fitness Promedio:   403.70
Generación:  464 | Mejor Fitness: 1200.00 | Fitness Promedio:   387.00
Generación:  465 | Mejor Fitness: 1140.00 | Fitness Promedio:   404.80
Generación:  466 | Mejor Fitness: 1260.00 | Fitness Promedio:   394.30
Generación:  467 | Mejor Fitness: 1500.00 | Fitness Promedio:   429.70
Generación:  468 | Mejor Fitness: 1040.00 | Fitness Promedio:   330.70
Generación:  469 | Mejor Fitness: 1160.00 | Fitness Promedio:   357.30
Generación:  470 | Mejor Fitness: 1220.00 | Fitness Promedio:   346.80
Generación:  471 | Mejor Fitness: 1600.00 | Fitness Promedio:   411.60
Generación:  472 | Mejor Fitness: 1340.00 | Fitness Promedio:   426.90
Generación:  473 | Mejor Fitness: 1400.00 | Fitness Promedio:   415.20
Generación:  474 | Mejor Fitness: 1500.00 | Fitness Promedio:   457.90
Generación:  475 | Mejor Fitness: 1000.00 | Fitness Promedio:   347.40
Generación:  476 | Mejor Fitness: 1240.00 | Fitness Promedio:   373.20
Generación:  477 | Mejor Fitness: 1020.00 | Fitness Promedio:   362.70
Generación:  478 | Mejor Fitness: 1120.00 | Fitness Promedio:   388.40
Generación:  479 | Mejor Fitness: 1760.00 | Fitness Promedio:   436.30
Generación:  480 | Mejor Fitness: 1480.00 | Fitness Promedio:   414.60
Generación:  481 | Mejor Fitness: 1100.00 | Fitness Promedio:   346.80
Generación:  482 | Mejor Fitness: 1240.00 | Fitness Promedio:   356.70
Generación:  483 | Mejor Fitness: 1440.00 | Fitness Promedio:   416.10
Generación:  484 | Mejor Fitness: 820.00 | Fitness Promedio:   318.40
Generación:  485 | Mejor Fitness: 1240.00 | Fitness Promedio:   389.60
Generación:  486 | Mejor Fitness: 1200.00 | Fitness Promedio:   401.00
Generación:  487 | Mejor Fitness: 1900.00 | Fitness Promedio:   466.20
Generación:  488 | Mejor Fitness: 1420.00 | Fitness Promedio:   405.70
Generación:  489 | Mejor Fitness: 1580.00 | Fitness Promedio:   388.60
Generación:  490 | Mejor Fitness: 1540.00 | Fitness Promedio:   487.00
Generación:  491 | Mejor Fitness: 1200.00 | Fitness Promedio:   352.90
Generación:  492 | Mejor Fitness: 1320.00 | Fitness Promedio:   429.70
Generación:  493 | Mejor Fitness: 1000.00 | Fitness Promedio:   343.00
Generación:  494 | Mejor Fitness: 1380.00 | Fitness Promedio:   401.20
Generación:  495 | Mejor Fitness: 1240.00 | Fitness Promedio:   357.60
Generación:  496 | Mejor Fitness: 1440.00 | Fitness Promedio:   451.70
Generación:  497 | Mejor Fitness: 2080.00 | Fitness Promedio:   415.40
Generación:  498 | Mejor Fitness: 1520.00 | Fitness Promedio:   418.50
Generación:  499 | Mejor Fitness: 1220.00 | Fitness Promedio:   373.60
Generación:  500 | Mejor Fitness: 1240.00 | Fitness Promedio:   408.80
Generación:  501 | Mejor Fitness: 1320.00 | Fitness Promedio:   392.00
Generación:  502 | Mejor Fitness: 1240.00 | Fitness Promedio:   413.70
Generación:  503 | Mejor Fitness: 1540.00 | Fitness Promedio:   505.80
Generación:  504 | Mejor Fitness: 1560.00 | Fitness Promedio:   441.50
Generación:  505 | Mejor Fitness: 1240.00 | Fitness Promedio:   423.20
Generación:  506 | Mejor Fitness: 920.00 | Fitness Promedio:   361.80
Generación:  507 | Mejor Fitness: 1620.00 | Fitness Promedio:   453.50
Generación:  508 | Mejor Fitness: 1600.00 | Fitness Promedio:   425.50
Generación:  509 | Mejor Fitness: 1040.00 | Fitness Promedio:   371.70
Generación:  510 | Mejor Fitness: 1280.00 | Fitness Promedio:   392.40
Generación:  511 | Mejor Fitness: 1380.00 | Fitness Promedio:   386.10
Generación:  512 | Mejor Fitness: 1800.00 | Fitness Promedio:   463.60
Generación:  513 | Mejor Fitness: 1440.00 | Fitness Promedio:   374.80
Generación:  514 | Mejor Fitness: 1580.00 | Fitness Promedio:   375.20
Generación:  515 | Mejor Fitness: 1240.00 | Fitness Promedio:   410.80
Generación:  516 | Mejor Fitness: 920.00 | Fitness Promedio:   353.00
Generación:  517 | Mejor Fitness: 1400.00 | Fitness Promedio:   408.60
Generación:  518 | Mejor Fitness: 1320.00 | Fitness Promedio:   402.30
Generación:  519 | Mejor Fitness: 1200.00 | Fitness Promedio:   412.90
Generación:  520 | Mejor Fitness: 1400.00 | Fitness Promedio:   396.10
Generación:  521 | Mejor Fitness: 1560.00 | Fitness Promedio:   503.00
Generación:  522 | Mejor Fitness: 1520.00 | Fitness Promedio:   349.00
Generación:  523 | Mejor Fitness: 1660.00 | Fitness Promedio:   439.70
Generación:  524 | Mejor Fitness: 1280.00 | Fitness Promedio:   388.20
Generación:  525 | Mejor Fitness: 1460.00 | Fitness Promedio:   377.80
Generación:  526 | Mejor Fitness: 1620.00 | Fitness Promedio:   406.50
Generación:  527 | Mejor Fitness: 2040.00 | Fitness Promedio:   338.80
Generación:  528 | Mejor Fitness: 1160.00 | Fitness Promedio:   399.60
Generación:  529 | Mejor Fitness: 1360.00 | Fitness Promedio:   430.50
Generación:  530 | Mejor Fitness: 1240.00 | Fitness Promedio:   427.60
Generación:  531 | Mejor Fitness: 1140.00 | Fitness Promedio:   422.50
Generación:  532 | Mejor Fitness: 1160.00 | Fitness Promedio:   443.50
Generación:  533 | Mejor Fitness: 1980.00 | Fitness Promedio:   385.50
Generación:  534 | Mejor Fitness: 1160.00 | Fitness Promedio:   347.70
Generación:  535 | Mejor Fitness: 1040.00 | Fitness Promedio:   342.90
Generación:  536 | Mejor Fitness: 1600.00 | Fitness Promedio:   371.90
Generación:  537 | Mejor Fitness: 1400.00 | Fitness Promedio:   464.50
Generación:  538 | Mejor Fitness: 1520.00 | Fitness Promedio:   408.50
Generación:  539 | Mejor Fitness: 860.00 | Fitness Promedio:   331.10
Generación:  540 | Mejor Fitness: 1160.00 | Fitness Promedio:   426.80
Generación:  541 | Mejor Fitness: 1020.00 | Fitness Promedio:   364.90
Generación:  542 | Mejor Fitness: 1560.00 | Fitness Promedio:   451.30
